  0.39000E+01  0.89563E+00  0.31639E+00  0.35326E+00  0.16000E+01  0.61747E-01  0.65000E-03  0.11001E-24  0.95043E-26  0.79935E-15  0.79935E-15  0.79935E-15  0.61971E+00  0.13845E-14
  0.38999E+01  0.89605E+00  0.31654E+00  0.35327E+00  0.16000E+01  0.61747E-01  0.65000E-03  0.11001E-24  0.95051E-26  0.79937E-15  0.79940E-15  0.79936E-15  0.66955E+00  0.13846E-14
  0.38998E+01  0.89604E+00  0.31654E+00  0.35327E+00  0.16000E+01  0.61750E-01  0.65001E-03  0.11002E-24  0.95058E-26  0.79939E-15  0.79945E-15  0.79938E-15  0.66956E+00  0.13846E-14
  0.38898E+01  0.89684E+00  0.31709E+00  0.35356E+00  0.16000E+01  0.61852E-01  0.64998E-03  0.11050E-24  0.95629E-26  0.80144E-15  0.80335E-15  0.80003E-15  0.67035E+00  0.13884E-14
  0.38798E+01  0.89824E+00  0.31782E+00  0.35382E+00  0.15999E+01  0.61945E-01  0.64984E-03  0.11093E-24  0.96144E-26  0.80351E-15  0.80682E-15  0.80025E-15  0.67113E+00  0.13918E-14
  0.38698E+01  0.89966E+00  0.31855E+00  0.35408E+00  0.15999E+01  0.62037E-01  0.64969E-03  0.11137E-24  0.96663E-26  0.80558E-15  0.81031E-15  0.80046E-15  0.67193E+00  0.13951E-14
  0.38598E+01  0.90109E+00  0.31929E+00  0.35434E+00  0.15998E+01  0.62130E-01  0.64954E-03  0.11180E-24  0.97186E-26  0.80767E-15  0.81382E-15  0.80067E-15  0.67272E+00  0.13985E-14
  0.38498E+01  0.90252E+00  0.32004E+00  0.35461E+00  0.15998E+01  0.62223E-01  0.64938E-03  0.11224E-24  0.97713E-26  0.80977E-15  0.81734E-15  0.80088E-15  0.67352E+00  0.14018E-14
  0.38398E+01  0.90396E+00  0.32079E+00  0.35487E+00  0.15998E+01  0.62317E-01  0.64922E-03  0.11269E-24  0.98245E-26  0.81188E-15  0.82088E-15  0.80109E-15  0.67433E+00  0.14053E-14
  0.38298E+01  0.90540E+00  0.32154E+00  0.35513E+00  0.15997E+01  0.62411E-01  0.64906E-03  0.11313E-24  0.98781E-26  0.81400E-15  0.82443E-15  0.80131E-15  0.67514E+00  0.14087E-14
  0.38198E+01  0.90684E+00  0.32229E+00  0.35540E+00  0.15997E+01  0.62505E-01  0.64889E-03  0.11358E-24  0.99322E-26  0.81613E-15  0.82801E-15  0.80152E-15  0.67595E+00  0.14121E-14
  0.38098E+01  0.90829E+00  0.32305E+00  0.35567E+00  0.15996E+01  0.62600E-01  0.64871E-03  0.11404E-24  0.99867E-26  0.81827E-15  0.83160E-15  0.80174E-15  0.67676E+00  0.14156E-14
  0.37998E+01  0.90974E+00  0.32381E+00  0.35593E+00  0.15996E+01  0.62696E-01  0.64854E-03  0.11449E-24  0.10042E-25  0.82042E-15  0.83521E-15  0.80196E-15  0.67759E+00  0.14191E-14
  0.37898E+01  0.91120E+00  0.32457E+00  0.35620E+00  0.15996E+01  0.62792E-01  0.64836E-03  0.11495E-24  0.10097E-25  0.82259E-15  0.83884E-15  0.80219E-15  0.67841E+00  0.14226E-14
  0.37798E+01  0.91267E+00  0.32534E+00  0.35647E+00  0.15995E+01  0.62888E-01  0.64817E-03  0.11541E-24  0.10153E-25  0.82476E-15  0.84249E-15  0.80241E-15  0.67924E+00  0.14261E-14
  0.37698E+01  0.91413E+00  0.32611E+00  0.35674E+00  0.15995E+01  0.62985E-01  0.64798E-03  0.11588E-24  0.10210E-25  0.82695E-15  0.84616E-15  0.80264E-15  0.68007E+00  0.14297E-14
  0.37598E+01  0.91560E+00  0.32688E+00  0.35701E+00  0.15995E+01  0.63082E-01  0.64779E-03  0.11635E-24  0.10267E-25  0.82915E-15  0.84984E-15  0.80286E-15  0.68091E+00  0.14333E-14
  0.37498E+01  0.91708E+00  0.32766E+00  0.35729E+00  0.15994E+01  0.63180E-01  0.64759E-03  0.11682E-24  0.10324E-25  0.83136E-15  0.85355E-15  0.80310E-15  0.68176E+00  0.14369E-14
  0.37398E+01  0.91856E+00  0.32844E+00  0.35756E+00  0.15994E+01  0.63278E-01  0.64738E-03  0.11730E-24  0.10382E-25  0.83359E-15  0.85727E-15  0.80333E-15  0.68260E+00  0.14405E-14
  0.37298E+01  0.92005E+00  0.32923E+00  0.35784E+00  0.15993E+01  0.63377E-01  0.64718E-03  0.11778E-24  0.10441E-25  0.83582E-15  0.86102E-15  0.80356E-15  0.68346E+00  0.14442E-14
  0.37198E+01  0.92154E+00  0.33002E+00  0.35811E+00  0.15993E+01  0.63476E-01  0.64696E-03  0.11826E-24  0.10500E-25  0.83807E-15  0.86478E-15  0.80380E-15  0.68431E+00  0.14479E-14
  0.37098E+01  0.92303E+00  0.33081E+00  0.35839E+00  0.15993E+01  0.63575E-01  0.64674E-03  0.11875E-24  0.10559E-25  0.84033E-15  0.86857E-15  0.80404E-15  0.68517E+00  0.14516E-14
  0.36998E+01  0.92453E+00  0.33160E+00  0.35867E+00  0.15992E+01  0.63675E-01  0.64652E-03  0.11924E-24  0.10619E-25  0.84260E-15  0.87237E-15  0.80428E-15  0.68604E+00  0.14553E-14
  0.36898E+01  0.92604E+00  0.33240E+00  0.35895E+00  0.15992E+01  0.63776E-01  0.64629E-03  0.11973E-24  0.10680E-25  0.84488E-15  0.87620E-15  0.80452E-15  0.68691E+00  0.14590E-14
  0.36798E+01  0.92754E+00  0.33320E+00  0.35923E+00  0.15991E+01  0.63877E-01  0.64606E-03  0.12023E-24  0.10741E-25  0.84718E-15  0.88004E-15  0.80476E-15  0.68779E+00  0.14628E-14
  0.36698E+01  0.92906E+00  0.33401E+00  0.35951E+00  0.15991E+01  0.63978E-01  0.64583E-03  0.12073E-24  0.10803E-25  0.84949E-15  0.88391E-15  0.80501E-15  0.68867E+00  0.14666E-14
  0.36598E+01  0.93058E+00  0.33482E+00  0.35979E+00  0.15991E+01  0.64080E-01  0.64558E-03  0.12123E-24  0.10865E-25  0.85181E-15  0.88779E-15  0.80526E-15  0.68955E+00  0.14704E-14
  0.36498E+01  0.93210E+00  0.33563E+00  0.36008E+00  0.15990E+01  0.64183E-01  0.64533E-03  0.12174E-24  0.10928E-25  0.85414E-15  0.89170E-15  0.80551E-15  0.69044E+00  0.14743E-14
  0.36398E+01  0.93363E+00  0.33645E+00  0.36036E+00  0.15990E+01  0.64286E-01  0.64508E-03  0.12225E-24  0.10991E-25  0.85649E-15  0.89563E-15  0.80576E-15  0.69134E+00  0.14782E-14
  0.36298E+01  0.93516E+00  0.33727E+00  0.36065E+00  0.15989E+01  0.64390E-01  0.64482E-03  0.12277E-24  0.11055E-25  0.85885E-15  0.89958E-15  0.80601E-15  0.69224E+00  0.14821E-14
  0.36198E+01  0.93670E+00  0.33809E+00  0.36094E+00  0.15989E+01  0.64494E-01  0.64456E-03  0.12329E-24  0.11120E-25  0.86122E-15  0.90355E-15  0.80627E-15  0.69314E+00  0.14860E-14
  0.36098E+01  0.93824E+00  0.33892E+00  0.36123E+00  0.15989E+01  0.64598E-01  0.64429E-03  0.12381E-24  0.11185E-25  0.86361E-15  0.90754E-15  0.80653E-15  0.69405E+00  0.14899E-14
  0.35998E+01  0.93979E+00  0.33975E+00  0.36152E+00  0.15988E+01  0.64703E-01  0.64402E-03  0.12434E-24  0.11251E-25  0.86601E-15  0.91156E-15  0.80679E-15  0.69497E+00  0.14939E-14
  0.35898E+01  0.94134E+00  0.34058E+00  0.36181E+00  0.15988E+01  0.64809E-01  0.64374E-03  0.12487E-24  0.11317E-25  0.86842E-15  0.91559E-15  0.80705E-15  0.69589E+00  0.14979E-14
  0.35798E+01  0.94290E+00  0.34142E+00  0.36210E+00  0.15988E+01  0.64915E-01  0.64345E-03  0.12541E-24  0.11384E-25  0.87084E-15  0.91965E-15  0.80732E-15  0.69682E+00  0.15020E-14
  0.35698E+01  0.94446E+00  0.34227E+00  0.36239E+00  0.15987E+01  0.65022E-01  0.64316E-03  0.12595E-24  0.11451E-25  0.87328E-15  0.92373E-15  0.80759E-15  0.69775E+00  0.15060E-14
  0.35598E+01  0.94603E+00  0.34311E+00  0.36269E+00  0.15987E+01  0.65129E-01  0.64286E-03  0.12649E-24  0.11520E-25  0.87574E-15  0.92784E-15  0.80785E-15  0.69869E+00  0.15101E-14
  0.35498E+01  0.94760E+00  0.34396E+00  0.36298E+00  0.15986E+01  0.65236E-01  0.64256E-03  0.12704E-24  0.11588E-25  0.87820E-15  0.93197E-15  0.80813E-15  0.69963E+00  0.15142E-14
  0.35398E+01  0.94918E+00  0.34482E+00  0.36328E+00  0.15986E+01  0.65345E-01  0.64225E-03  0.12760E-24  0.11658E-25  0.88068E-15  0.93612E-15  0.80840E-15  0.70058E+00  0.15184E-14
  0.35298E+01  0.95076E+00  0.34568E+00  0.36358E+00  0.15986E+01  0.65453E-01  0.64193E-03  0.12815E-24  0.11728E-25  0.88318E-15  0.94029E-15  0.80867E-15  0.70153E+00  0.15225E-14
  0.35198E+01  0.95235E+00  0.34654E+00  0.36388E+00  0.15985E+01  0.65563E-01  0.64161E-03  0.12871E-24  0.11799E-25  0.88569E-15  0.94449E-15  0.80895E-15  0.70249E+00  0.15267E-14
  0.35098E+01  0.95394E+00  0.34741E+00  0.36418E+00  0.15985E+01  0.65673E-01  0.64128E-03  0.12928E-24  0.11870E-25  0.88821E-15  0.94871E-15  0.80923E-15  0.70346E+00  0.15310E-14
  0.34998E+01  0.95554E+00  0.34828E+00  0.36448E+00  0.15984E+01  0.65783E-01  0.64095E-03  0.12985E-24  0.11942E-25  0.89075E-15  0.95295E-15  0.80951E-15  0.70443E+00  0.15352E-14
  0.34898E+01  0.95715E+00  0.34916E+00  0.36479E+00  0.15984E+01  0.65894E-01  0.64061E-03  0.13042E-24  0.12015E-25  0.89330E-15  0.95722E-15  0.80980E-15  0.70541E+00  0.15395E-14
  0.34798E+01  0.95876E+00  0.35003E+00  0.36509E+00  0.15984E+01  0.66006E-01  0.64026E-03  0.13100E-24  0.12089E-25  0.89587E-15  0.96152E-15  0.81009E-15  0.70639E+00  0.15438E-14
  0.34698E+01  0.96037E+00  0.35092E+00  0.36540E+00  0.15983E+01  0.66118E-01  0.63990E-03  0.13159E-24  0.12163E-25  0.89845E-15  0.96584E-15  0.81037E-15  0.70738E+00  0.15481E-14
  0.34598E+01  0.96199E+00  0.35181E+00  0.36571E+00  0.15983E+01  0.66231E-01  0.63954E-03  0.13217E-24  0.12238E-25  0.90105E-15  0.97018E-15  0.81067E-15  0.70837E+00  0.15525E-14
  0.34498E+01  0.96362E+00  0.35270E+00  0.36601E+00  0.15983E+01  0.66344E-01  0.63918E-03  0.13277E-24  0.12314E-25  0.90366E-15  0.97455E-15  0.81096E-15  0.70937E+00  0.15569E-14
  0.34398E+01  0.96525E+00  0.35359E+00  0.36632E+00  0.15982E+01  0.66458E-01  0.63880E-03  0.13336E-24  0.12390E-25  0.90629E-15  0.97895E-15  0.81125E-15  0.71038E+00  0.15614E-14
  0.34298E+01  0.96689E+00  0.35449E+00  0.36664E+00  0.15982E+01  0.66572E-01  0.63842E-03  0.13397E-24  0.12467E-25  0.90893E-15  0.98337E-15  0.81155E-15  0.71140E+00  0.15658E-14
  0.34198E+01  0.96853E+00  0.35540E+00  0.36695E+00  0.15981E+01  0.66687E-01  0.63803E-03  0.13457E-24  0.12545E-25  0.91159E-15  0.98781E-15  0.81185E-15  0.71242E+00  0.15703E-14
  0.34098E+01  0.97018E+00  0.35631E+00  0.36726E+00  0.15981E+01  0.66803E-01  0.63764E-03  0.13519E-24  0.12624E-25  0.91426E-15  0.99229E-15  0.81216E-15  0.71344E+00  0.15748E-14
  0.33998E+01  0.97183E+00  0.35722E+00  0.36758E+00  0.15981E+01  0.66919E-01  0.63723E-03  0.13580E-24  0.12703E-25  0.91695E-15  0.99678E-15  0.81246E-15  0.71448E+00  0.15794E-14
  0.33898E+01  0.97349E+00  0.35814E+00  0.36789E+00  0.15980E+01  0.67036E-01  0.63682E-03  0.13642E-24  0.12783E-25  0.91965E-15  0.10013E-14  0.81277E-15  0.71552E+00  0.15840E-14
  0.33798E+01  0.97516E+00  0.35906E+00  0.36821E+00  0.15980E+01  0.67154E-01  0.63640E-03  0.13705E-24  0.12864E-25  0.92238E-15  0.10059E-14  0.81308E-15  0.71656E+00  0.15886E-14
  0.33698E+01  0.97683E+00  0.35999E+00  0.36853E+00  0.15979E+01  0.67272E-01  0.63598E-03  0.13768E-24  0.12946E-25  0.92511E-15  0.10104E-14  0.81339E-15  0.71762E+00  0.15932E-14
  0.33598E+01  0.97850E+00  0.36092E+00  0.36885E+00  0.15979E+01  0.67391E-01  0.63555E-03  0.13832E-24  0.13028E-25  0.92787E-15  0.10151E-14  0.81370E-15  0.71868E+00  0.15979E-14
  0.33498E+01  0.98019E+00  0.36186E+00  0.36917E+00  0.15979E+01  0.67510E-01  0.63510E-03  0.13896E-24  0.13112E-25  0.93064E-15  0.10197E-14  0.81402E-15  0.71975E+00  0.16026E-14
  0.33398E+01  0.98187E+00  0.36280E+00  0.36950E+00  0.15978E+01  0.67630E-01  0.63466E-03  0.13961E-24  0.13196E-25  0.93342E-15  0.10243E-14  0.81434E-15  0.72082E+00  0.16074E-14
  0.33298E+01  0.98357E+00  0.36375E+00  0.36982E+00  0.15978E+01  0.67751E-01  0.63420E-03  0.14026E-24  0.13281E-25  0.93623E-15  0.10290E-14  0.81466E-15  0.72190E+00  0.16122E-14
  0.33198E+01  0.98527E+00  0.36470E+00  0.37015E+00  0.15978E+01  0.67872E-01  0.63373E-03  0.14092E-24  0.13367E-25  0.93905E-15  0.10338E-14  0.81499E-15  0.72299E+00  0.16170E-14
  0.33098E+01  0.98697E+00  0.36565E+00  0.37048E+00  0.15977E+01  0.67994E-01  0.63326E-03  0.14158E-24  0.13454E-25  0.94188E-15  0.10385E-14  0.81531E-15  0.72409E+00  0.16218E-14
  0.32998E+01  0.98869E+00  0.36661E+00  0.37081E+00  0.15977E+01  0.68116E-01  0.63278E-03  0.14225E-24  0.13541E-25  0.94474E-15  0.10433E-14  0.81564E-15  0.72519E+00  0.16267E-14
  0.32898E+01  0.99040E+00  0.36758E+00  0.37114E+00  0.15976E+01  0.68240E-01  0.63229E-03  0.14293E-24  0.13630E-25  0.94761E-15  0.10481E-14  0.81597E-15  0.72630E+00  0.16317E-14
  0.32798E+01  0.99213E+00  0.36855E+00  0.37147E+00  0.15976E+01  0.68364E-01  0.63179E-03  0.14361E-24  0.13719E-25  0.95050E-15  0.10529E-14  0.81631E-15  0.72742E+00  0.16366E-14
  0.32698E+01  0.99386E+00  0.36952E+00  0.37181E+00  0.15976E+01  0.68488E-01  0.63128E-03  0.14429E-24  0.13809E-25  0.95341E-15  0.10578E-14  0.81664E-15  0.72855E+00  0.16416E-14
  0.32598E+01  0.99560E+00  0.37050E+00  0.37214E+00  0.15975E+01  0.68614E-01  0.63076E-03  0.14498E-24  0.13901E-25  0.95633E-15  0.10627E-14  0.81698E-15  0.72968E+00  0.16466E-14
  0.32498E+01  0.99734E+00  0.37149E+00  0.37248E+00  0.15975E+01  0.68740E-01  0.63024E-03  0.14568E-24  0.13993E-25  0.95927E-15  0.10676E-14  0.81732E-15  0.73082E+00  0.16517E-14
  0.32398E+01  0.99909E+00  0.37248E+00  0.37282E+00  0.15974E+01  0.68866E-01  0.62970E-03  0.14639E-24  0.14086E-25  0.96223E-15  0.10726E-14  0.81767E-15  0.73197E+00  0.16568E-14
  0.32298E+01  0.10008E+01  0.37347E+00  0.37316E+00  0.15974E+01  0.68994E-01  0.62916E-03  0.14709E-24  0.14180E-25  0.96521E-15  0.10776E-14  0.81801E-15  0.73313E+00  0.16619E-14
  0.32198E+01  0.10026E+01  0.37447E+00  0.37350E+00  0.15974E+01  0.69122E-01  0.62861E-03  0.14781E-24  0.14275E-25  0.96821E-15  0.10826E-14  0.81836E-15  0.73430E+00  0.16671E-14
  0.32098E+01  0.10044E+01  0.37548E+00  0.37384E+00  0.15973E+01  0.69250E-01  0.62804E-03  0.14853E-24  0.14371E-25  0.97123E-15  0.10877E-14  0.81872E-15  0.73547E+00  0.16723E-14
  0.31998E+01  0.10061E+01  0.37649E+00  0.37419E+00  0.15973E+01  0.69380E-01  0.62747E-03  0.14926E-24  0.14468E-25  0.97426E-15  0.10927E-14  0.81907E-15  0.73665E+00  0.16775E-14
  0.31898E+01  0.10079E+01  0.37750E+00  0.37453E+00  0.15973E+01  0.69510E-01  0.62689E-03  0.14999E-24  0.14566E-25  0.97732E-15  0.10979E-14  0.81943E-15  0.73784E+00  0.16828E-14
  0.31798E+01  0.10097E+01  0.37852E+00  0.37488E+00  0.15972E+01  0.69641E-01  0.62630E-03  0.15073E-24  0.14665E-25  0.98039E-15  0.11030E-14  0.81979E-15  0.73904E+00  0.16882E-14
  0.31698E+01  0.10115E+01  0.37955E+00  0.37523E+00  0.15972E+01  0.69773E-01  0.62569E-03  0.15148E-24  0.14765E-25  0.98348E-15  0.11082E-14  0.82015E-15  0.74025E+00  0.16935E-14
  0.31598E+01  0.10133E+01  0.38058E+00  0.37558E+00  0.15971E+01  0.69905E-01  0.62508E-03  0.15223E-24  0.14867E-25  0.98660E-15  0.11134E-14  0.82051E-15  0.74147E+00  0.16989E-14
  0.31498E+01  0.10151E+01  0.38162E+00  0.37593E+00  0.15971E+01  0.70038E-01  0.62446E-03  0.15299E-24  0.14969E-25  0.98973E-15  0.11187E-14  0.82088E-15  0.74270E+00  0.17044E-14
  0.31398E+01  0.10169E+01  0.38266E+00  0.37629E+00  0.15971E+01  0.70172E-01  0.62382E-03  0.15376E-24  0.15072E-25  0.99288E-15  0.11240E-14  0.82125E-15  0.74393E+00  0.17098E-14
  0.31298E+01  0.10188E+01  0.38371E+00  0.37664E+00  0.15970E+01  0.70307E-01  0.62318E-03  0.15453E-24  0.15177E-25  0.99605E-15  0.11293E-14  0.82163E-15  0.74518E+00  0.17154E-14
  0.31198E+01  0.10206E+01  0.38476E+00  0.37700E+00  0.15970E+01  0.70442E-01  0.62252E-03  0.15531E-24  0.15282E-25  0.99925E-15  0.11346E-14  0.82200E-15  0.74643E+00  0.17209E-14
  0.31098E+01  0.10224E+01  0.38582E+00  0.37736E+00  0.15970E+01  0.70578E-01  0.62186E-03  0.15610E-24  0.15389E-25  0.10025E-14  0.11400E-14  0.82238E-15  0.74770E+00  0.17265E-14
  0.30998E+01  0.10243E+01  0.38689E+00  0.37772E+00  0.15969E+01  0.70715E-01  0.62118E-03  0.15689E-24  0.15497E-25  0.10057E-14  0.11455E-14  0.82276E-15  0.74897E+00  0.17322E-14
  0.30898E+01  0.10261E+01  0.38796E+00  0.37808E+00  0.15969E+01  0.70853E-01  0.62049E-03  0.15769E-24  0.15606E-25  0.10089E-14  0.11509E-14  0.82315E-15  0.75026E+00  0.17379E-14
  0.30798E+01  0.10280E+01  0.38903E+00  0.37845E+00  0.15968E+01  0.70992E-01  0.61979E-03  0.15850E-24  0.15716E-25  0.10122E-14  0.11564E-14  0.82354E-15  0.75155E+00  0.17436E-14
  0.30698E+01  0.10298E+01  0.39012E+00  0.37881E+00  0.15968E+01  0.71131E-01  0.61908E-03  0.15931E-24  0.15827E-25  0.10155E-14  0.11620E-14  0.82393E-15  0.75285E+00  0.17494E-14
  0.30598E+01  0.10317E+01  0.39120E+00  0.37918E+00  0.15968E+01  0.71271E-01  0.61835E-03  0.16014E-24  0.15940E-25  0.10188E-14  0.11675E-14  0.82432E-15  0.75417E+00  0.17552E-14
  0.30498E+01  0.10336E+01  0.39230E+00  0.37955E+00  0.15967E+01  0.71412E-01  0.61761E-03  0.16097E-24  0.16054E-25  0.10222E-14  0.11732E-14  0.82471E-15  0.75549E+00  0.17611E-14
  0.30398E+01  0.10355E+01  0.39340E+00  0.37992E+00  0.15967E+01  0.71554E-01  0.61687E-03  0.16180E-24  0.16169E-25  0.10255E-14  0.11788E-14  0.82511E-15  0.75683E+00  0.17670E-14
  0.30298E+01  0.10374E+01  0.39451E+00  0.38030E+00  0.15967E+01  0.71696E-01  0.61611E-03  0.16265E-24  0.16285E-25  0.10289E-14  0.11845E-14  0.82551E-15  0.75817E+00  0.17729E-14
  0.30198E+01  0.10393E+01  0.39562E+00  0.38067E+00  0.15966E+01  0.71840E-01  0.61533E-03  0.16350E-24  0.16403E-25  0.10323E-14  0.11902E-14  0.82592E-15  0.75953E+00  0.17789E-14
  0.30098E+01  0.10412E+01  0.39674E+00  0.38105E+00  0.15966E+01  0.71984E-01  0.61455E-03  0.16436E-24  0.16522E-25  0.10358E-14  0.11960E-14  0.82633E-15  0.76090E+00  0.17849E-14
  0.29998E+01  0.10431E+01  0.39786E+00  0.38143E+00  0.15965E+01  0.72129E-01  0.61375E-03  0.16523E-24  0.16642E-25  0.10392E-14  0.12018E-14  0.82674E-15  0.76228E+00  0.17910E-14
  0.29898E+01  0.10450E+01  0.39899E+00  0.38181E+00  0.15965E+01  0.72275E-01  0.61293E-03  0.16610E-24  0.16764E-25  0.10427E-14  0.12076E-14  0.82715E-15  0.76367E+00  0.17972E-14
  0.29798E+01  0.10469E+01  0.40013E+00  0.38219E+00  0.15965E+01  0.72422E-01  0.61211E-03  0.16699E-24  0.16887E-25  0.10462E-14  0.12135E-14  0.82757E-15  0.76507E+00  0.18033E-14
  0.29698E+01  0.10489E+01  0.40127E+00  0.38257E+00  0.15964E+01  0.72570E-01  0.61127E-03  0.16788E-24  0.17011E-25  0.10497E-14  0.12195E-14  0.82799E-15  0.76648E+00  0.18096E-14
  0.29598E+01  0.10508E+01  0.40242E+00  0.38296E+00  0.15964E+01  0.72719E-01  0.61041E-03  0.16878E-24  0.17137E-25  0.10533E-14  0.12254E-14  0.82841E-15  0.76791E+00  0.18159E-14
  0.29498E+01  0.10528E+01  0.40358E+00  0.38335E+00  0.15964E+01  0.72868E-01  0.60955E-03  0.16969E-24  0.17264E-25  0.10568E-14  0.12315E-14  0.82883E-15  0.76935E+00  0.18222E-14
  0.29398E+01  0.10547E+01  0.40474E+00  0.38374E+00  0.15963E+01  0.73019E-01  0.60866E-03  0.17061E-24  0.17393E-25  0.10604E-14  0.12375E-14  0.82926E-15  0.77080E+00  0.18286E-14
  0.29298E+01  0.10567E+01  0.40591E+00  0.38413E+00  0.15963E+01  0.73170E-01  0.60777E-03  0.17153E-24  0.17523E-25  0.10640E-14  0.12436E-14  0.82969E-15  0.77226E+00  0.18350E-14
  0.29198E+01  0.10587E+01  0.40709E+00  0.38452E+00  0.15962E+01  0.73322E-01  0.60686E-03  0.17247E-24  0.17654E-25  0.10677E-14  0.12498E-14  0.83013E-15  0.77374E+00  0.18415E-14
  0.29098E+01  0.10607E+01  0.40827E+00  0.38492E+00  0.15962E+01  0.73475E-01  0.60593E-03  0.17341E-24  0.17788E-25  0.10714E-14  0.12559E-14  0.83057E-15  0.77523E+00  0.18480E-14
  0.28998E+01  0.10627E+01  0.40947E+00  0.38532E+00  0.15962E+01  0.73630E-01  0.60499E-03  0.17436E-24  0.17922E-25  0.10751E-14  0.12622E-14  0.83101E-15  0.77673E+00  0.18546E-14
  0.28898E+01  0.10647E+01  0.41066E+00  0.38572E+00  0.15961E+01  0.73785E-01  0.60403E-03  0.17532E-24  0.18058E-25  0.10788E-14  0.12684E-14  0.83145E-15  0.77824E+00  0.18612E-14
  0.28798E+01  0.10667E+01  0.41187E+00  0.38612E+00  0.15961E+01  0.73941E-01  0.60306E-03  0.17630E-24  0.18196E-25  0.10825E-14  0.12748E-14  0.83190E-15  0.77977E+00  0.18679E-14
  0.28698E+01  0.10687E+01  0.41308E+00  0.38652E+00  0.15961E+01  0.74098E-01  0.60207E-03  0.17728E-24  0.18336E-25  0.10863E-14  0.12811E-14  0.83235E-15  0.78132E+00  0.18746E-14
  0.28598E+01  0.10707E+01  0.41430E+00  0.38693E+00  0.15960E+01  0.74256E-01  0.60107E-03  0.17826E-24  0.18477E-25  0.10901E-14  0.12875E-14  0.83280E-15  0.78287E+00  0.18814E-14
  0.28498E+01  0.10728E+01  0.41552E+00  0.38734E+00  0.15960E+01  0.74415E-01  0.60005E-03  0.17926E-24  0.18620E-25  0.10939E-14  0.12940E-14  0.83326E-15  0.78445E+00  0.18882E-14
  0.28398E+01  0.10748E+01  0.41676E+00  0.38775E+00  0.15959E+01  0.74575E-01  0.59901E-03  0.18027E-24  0.18764E-25  0.10978E-14  0.13005E-14  0.83372E-15  0.78603E+00  0.18951E-14
  0.28298E+01  0.10769E+01  0.41800E+00  0.38816E+00  0.15959E+01  0.74736E-01  0.59796E-03  0.18129E-24  0.18910E-25  0.11016E-14  0.13071E-14  0.83418E-15  0.78764E+00  0.19021E-14
  0.28198E+01  0.10789E+01  0.41924E+00  0.38857E+00  0.15959E+01  0.74897E-01  0.59689E-03  0.18232E-24  0.19058E-25  0.11056E-14  0.13137E-14  0.83465E-15  0.78925E+00  0.19091E-14
  0.28098E+01  0.10810E+01  0.42050E+00  0.38899E+00  0.15958E+01  0.75060E-01  0.59580E-03  0.18336E-24  0.19208E-25  0.11095E-14  0.13203E-14  0.83512E-15  0.79089E+00  0.19162E-14
  0.27998E+01  0.10831E+01  0.42176E+00  0.38941E+00  0.15958E+01  0.75224E-01  0.59469E-03  0.18441E-24  0.19359E-25  0.11135E-14  0.13270E-14  0.83559E-15  0.79253E+00  0.19233E-14
  0.27898E+01  0.10852E+01  0.42303E+00  0.38983E+00  0.15958E+01  0.75390E-01  0.59357E-03  0.18547E-24  0.19512E-25  0.11174E-14  0.13338E-14  0.83607E-15  0.79420E+00  0.19305E-14
  0.27798E+01  0.10873E+01  0.42431E+00  0.39025E+00  0.15957E+01  0.75556E-01  0.59243E-03  0.18653E-24  0.19667E-25  0.11215E-14  0.13406E-14  0.83655E-15  0.79588E+00  0.19377E-14
  0.27698E+01  0.10894E+01  0.42560E+00  0.39068E+00  0.15957E+01  0.75723E-01  0.59127E-03  0.18761E-24  0.19824E-25  0.11255E-14  0.13474E-14  0.83704E-15  0.79758E+00  0.19450E-14
  0.27598E+01  0.10915E+01  0.42689E+00  0.39110E+00  0.15956E+01  0.75891E-01  0.59009E-03  0.18871E-24  0.19983E-25  0.11296E-14  0.13543E-14  0.83752E-15  0.79929E+00  0.19524E-14
  0.27498E+01  0.10936E+01  0.42819E+00  0.39153E+00  0.15956E+01  0.76060E-01  0.58889E-03  0.18981E-24  0.20144E-25  0.11337E-14  0.13613E-14  0.83801E-15  0.80103E+00  0.19598E-14
  0.27398E+01  0.10958E+01  0.42950E+00  0.39197E+00  0.15956E+01  0.76231E-01  0.58767E-03  0.19092E-24  0.20307E-25  0.11378E-14  0.13683E-14  0.83851E-15  0.80278E+00  0.19672E-14
  0.27298E+01  0.10979E+01  0.43082E+00  0.39240E+00  0.15955E+01  0.76402E-01  0.58643E-03  0.19204E-24  0.20472E-25  0.11420E-14  0.13754E-14  0.83900E-15  0.80455E+00  0.19748E-14
  0.27198E+01  0.11001E+01  0.43215E+00  0.39284E+00  0.15955E+01  0.76575E-01  0.58517E-03  0.19318E-24  0.20639E-25  0.11462E-14  0.13825E-14  0.83950E-15  0.80633E+00  0.19824E-14
  0.27098E+01  0.11022E+01  0.43348E+00  0.39327E+00  0.15955E+01  0.76749E-01  0.58389E-03  0.19433E-24  0.20808E-25  0.11504E-14  0.13897E-14  0.84001E-15  0.80814E+00  0.19901E-14
  0.26998E+01  0.11044E+01  0.43482E+00  0.39372E+00  0.15954E+01  0.76923E-01  0.58259E-03  0.19549E-24  0.20979E-25  0.11547E-14  0.13969E-14  0.84052E-15  0.80996E+00  0.19978E-14
  0.26898E+01  0.11066E+01  0.43617E+00  0.39416E+00  0.15954E+01  0.77099E-01  0.58127E-03  0.19666E-24  0.21152E-25  0.11590E-14  0.14042E-14  0.84103E-15  0.81181E+00  0.20056E-14
  0.26798E+01  0.11088E+01  0.43753E+00  0.39461E+00  0.15953E+01  0.77277E-01  0.57993E-03  0.19784E-24  0.21327E-25  0.11633E-14  0.14116E-14  0.84154E-15  0.81368E+00  0.20134E-14
  0.26698E+01  0.11110E+01  0.43890E+00  0.39505E+00  0.15953E+01  0.77455E-01  0.57857E-03  0.19903E-24  0.21505E-25  0.11677E-14  0.14190E-14  0.84206E-15  0.81556E+00  0.20214E-14
  0.26598E+01  0.11132E+01  0.44028E+00  0.39550E+00  0.15953E+01  0.77635E-01  0.57718E-03  0.20024E-24  0.21685E-25  0.11721E-14  0.14264E-14  0.84258E-15  0.81747E+00  0.20294E-14
  0.26498E+01  0.11154E+01  0.44166E+00  0.39596E+00  0.15952E+01  0.77815E-01  0.57577E-03  0.20146E-24  0.21867E-25  0.11765E-14  0.14339E-14  0.84311E-15  0.81940E+00  0.20374E-14
  0.26398E+01  0.11177E+01  0.44306E+00  0.39641E+00  0.15952E+01  0.77997E-01  0.57434E-03  0.20269E-24  0.22051E-25  0.11809E-14  0.14415E-14  0.84364E-15  0.82135E+00  0.20456E-14
  0.26298E+01  0.11199E+01  0.44446E+00  0.39687E+00  0.15952E+01  0.78181E-01  0.57289E-03  0.20394E-24  0.22238E-25  0.11854E-14  0.14492E-14  0.84417E-15  0.82332E+00  0.20538E-14
  0.26198E+01  0.11222E+01  0.44588E+00  0.39733E+00  0.15951E+01  0.78365E-01  0.57141E-03  0.20520E-24  0.22427E-25  0.11900E-14  0.14569E-14  0.84471E-15  0.82532E+00  0.20620E-14
  0.26098E+01  0.11244E+01  0.44730E+00  0.39780E+00  0.15951E+01  0.78551E-01  0.56991E-03  0.20647E-24  0.22619E-25  0.11945E-14  0.14646E-14  0.84525E-15  0.82734E+00  0.20704E-14
  0.25998E+01  0.11267E+01  0.44873E+00  0.39826E+00  0.15950E+01  0.78738E-01  0.56838E-03  0.20775E-24  0.22813E-25  0.11991E-14  0.14725E-14  0.84579E-15  0.82938E+00  0.20788E-14
  0.25898E+01  0.11290E+01  0.45017E+00  0.39873E+00  0.15950E+01  0.78926E-01  0.56683E-03  0.20905E-24  0.23010E-25  0.12037E-14  0.14804E-14  0.84634E-15  0.83145E+00  0.20873E-14
  0.25798E+01  0.11313E+01  0.45162E+00  0.39920E+00  0.15950E+01  0.79115E-01  0.56525E-03  0.21037E-24  0.23209E-25  0.12084E-14  0.14883E-14  0.84689E-15  0.83355E+00  0.20958E-14
  0.25698E+01  0.11336E+01  0.45308E+00  0.39967E+00  0.15949E+01  0.79306E-01  0.56365E-03  0.21169E-24  0.23411E-25  0.12131E-14  0.14963E-14  0.84744E-15  0.83567E+00  0.21045E-14
  0.25598E+01  0.11360E+01  0.45455E+00  0.40015E+00  0.15949E+01  0.79498E-01  0.56202E-03  0.21304E-24  0.23616E-25  0.12178E-14  0.15044E-14  0.84800E-15  0.83782E+00  0.21132E-14
  0.25498E+01  0.11383E+01  0.45603E+00  0.40063E+00  0.15949E+01  0.79692E-01  0.56036E-03  0.21439E-24  0.23823E-25  0.12226E-14  0.15126E-14  0.84857E-15  0.83999E+00  0.21220E-14
  0.25398E+01  0.11406E+01  0.45752E+00  0.40111E+00  0.15948E+01  0.79886E-01  0.55868E-03  0.21576E-24  0.24033E-25  0.12274E-14  0.15208E-14  0.84913E-15  0.84219E+00  0.21308E-14
  0.25298E+01  0.11430E+01  0.45902E+00  0.40160E+00  0.15948E+01  0.80083E-01  0.55697E-03  0.21715E-24  0.24246E-25  0.12323E-14  0.15291E-14  0.84970E-15  0.84443E+00  0.21398E-14
  0.25198E+01  0.11454E+01  0.46053E+00  0.40208E+00  0.15947E+01  0.80280E-01  0.55523E-03  0.21855E-24  0.24461E-25  0.12372E-14  0.15374E-14  0.85028E-15  0.84669E+00  0.21488E-14
  0.25098E+01  0.11478E+01  0.46205E+00  0.40257E+00  0.15947E+01  0.80479E-01  0.55346E-03  0.21996E-24  0.24680E-25  0.12421E-14  0.15459E-14  0.85086E-15  0.84898E+00  0.21579E-14
  0.24998E+01  0.11501E+01  0.46359E+00  0.40307E+00  0.15947E+01  0.80679E-01  0.55167E-03  0.22140E-24  0.24901E-25  0.12471E-14  0.15544E-14  0.85144E-15  0.85130E+00  0.21671E-14
  0.24898E+01  0.11526E+01  0.46513E+00  0.40356E+00  0.15946E+01  0.80881E-01  0.54984E-03  0.22284E-24  0.25126E-25  0.12521E-14  0.15629E-14  0.85202E-15  0.85366E+00  0.21763E-14
  0.24798E+01  0.11550E+01  0.46668E+00  0.40406E+00  0.15946E+01  0.81084E-01  0.54799E-03  0.22431E-24  0.25353E-25  0.12571E-14  0.15716E-14  0.85261E-15  0.85605E+00  0.21857E-14
  0.24698E+01  0.11574E+01  0.46824E+00  0.40456E+00  0.15946E+01  0.81289E-01  0.54610E-03  0.22579E-24  0.25584E-25  0.12622E-14  0.15803E-14  0.85321E-15  0.85847E+00  0.21951E-14
  0.24598E+01  0.11599E+01  0.46982E+00  0.40507E+00  0.15945E+01  0.81495E-01  0.54418E-03  0.22728E-24  0.25818E-25  0.12674E-14  0.15891E-14  0.85380E-15  0.86092E+00  0.22046E-14
  0.24498E+01  0.11623E+01  0.47140E+00  0.40557E+00  0.15945E+01  0.81703E-01  0.54223E-03  0.22880E-24  0.26055E-25  0.12725E-14  0.15980E-14  0.85441E-15  0.86342E+00  0.22142E-14
  0.24398E+01  0.11648E+01  0.47300E+00  0.40608E+00  0.15944E+01  0.81912E-01  0.54025E-03  0.23033E-24  0.26295E-25  0.12777E-14  0.16069E-14  0.85501E-15  0.86595E+00  0.22239E-14
  0.24298E+01  0.11673E+01  0.47461E+00  0.40660E+00  0.15944E+01  0.82122E-01  0.53824E-03  0.23188E-24  0.26539E-25  0.12830E-14  0.16160E-14  0.85562E-15  0.86852E+00  0.22337E-14
  0.24198E+01  0.11698E+01  0.47623E+00  0.40711E+00  0.15944E+01  0.82335E-01  0.53619E-03  0.23344E-24  0.26786E-25  0.12883E-14  0.16251E-14  0.85624E-15  0.87112E+00  0.22436E-14
  0.24098E+01  0.11723E+01  0.47786E+00  0.40763E+00  0.15943E+01  0.82548E-01  0.53411E-03  0.23503E-24  0.27037E-25  0.12937E-14  0.16342E-14  0.85685E-15  0.87377E+00  0.22535E-14
  0.23998E+01  0.11748E+01  0.47950E+00  0.40816E+00  0.15943E+01  0.82763E-01  0.53200E-03  0.23663E-24  0.27291E-25  0.12990E-14  0.16435E-14  0.85748E-15  0.87646E+00  0.22636E-14
  0.23898E+01  0.11773E+01  0.48116E+00  0.40868E+00  0.15943E+01  0.82980E-01  0.52985E-03  0.23825E-24  0.27549E-25  0.13045E-14  0.16528E-14  0.85810E-15  0.87920E+00  0.22737E-14
  0.23798E+01  0.11799E+01  0.48282E+00  0.40921E+00  0.15942E+01  0.83199E-01  0.52766E-03  0.23989E-24  0.27810E-25  0.13100E-14  0.16623E-14  0.85873E-15  0.88198E+00  0.22840E-14
  0.23698E+01  0.11825E+01  0.48450E+00  0.40974E+00  0.15942E+01  0.83419E-01  0.52544E-03  0.24155E-24  0.28075E-25  0.13155E-14  0.16718E-14  0.85937E-15  0.88480E+00  0.22943E-14
  0.23598E+01  0.11850E+01  0.48620E+00  0.41028E+00  0.15941E+01  0.83641E-01  0.52318E-03  0.24323E-24  0.28344E-25  0.13211E-14  0.16814E-14  0.86001E-15  0.88767E+00  0.23048E-14
  0.23498E+01  0.11876E+01  0.48790E+00  0.41082E+00  0.15941E+01  0.83864E-01  0.52088E-03  0.24492E-24  0.28617E-25  0.13267E-14  0.16911E-14  0.86065E-15  0.89060E+00  0.23153E-14
  0.23398E+01  0.11902E+01  0.48962E+00  0.41136E+00  0.15941E+01  0.84089E-01  0.51854E-03  0.24664E-24  0.28894E-25  0.13324E-14  0.17008E-14  0.86129E-15  0.89357E+00  0.23259E-14
  0.23298E+01  0.11929E+01  0.49135E+00  0.41190E+00  0.15940E+01  0.84316E-01  0.51617E-03  0.24838E-24  0.29175E-25  0.13381E-14  0.17107E-14  0.86195E-15  0.89660E+00  0.23366E-14
  0.23198E+01  0.11955E+01  0.49309E+00  0.41245E+00  0.15940E+01  0.84544E-01  0.51375E-03  0.25014E-24  0.29460E-25  0.13438E-14  0.17207E-14  0.86260E-15  0.89968E+00  0.23475E-14
  0.23098E+01  0.11982E+01  0.49485E+00  0.41300E+00  0.15940E+01  0.84775E-01  0.51130E-03  0.25192E-24  0.29749E-25  0.13497E-14  0.17307E-14  0.86326E-15  0.90282E+00  0.23584E-14
  0.22998E+01  0.12008E+01  0.49662E+00  0.41356E+00  0.15939E+01  0.85007E-01  0.50880E-03  0.25372E-24  0.30042E-25  0.13555E-14  0.17408E-14  0.86392E-15  0.90601E+00  0.23694E-14
  0.22898E+01  0.12035E+01  0.49840E+00  0.41412E+00  0.15939E+01  0.85240E-01  0.50626E-03  0.25554E-24  0.30340E-25  0.13614E-14  0.17510E-14  0.86459E-15  0.90927E+00  0.23806E-14
  0.22798E+01  0.12062E+01  0.50020E+00  0.41468E+00  0.15938E+01  0.85476E-01  0.50368E-03  0.25739E-24  0.30642E-25  0.13674E-14  0.17614E-14  0.86526E-15  0.91260E+00  0.23918E-14
  0.22698E+01  0.12089E+01  0.50201E+00  0.41525E+00  0.15938E+01  0.85713E-01  0.50105E-03  0.25926E-24  0.30948E-25  0.13734E-14  0.17718E-14  0.86594E-15  0.91599E+00  0.24032E-14
  0.22598E+01  0.12117E+01  0.50383E+00  0.41581E+00  0.15938E+01  0.85953E-01  0.49838E-03  0.26115E-24  0.31260E-25  0.13795E-14  0.17823E-14  0.86662E-15  0.91945E+00  0.24147E-14
  0.22498E+01  0.12144E+01  0.50567E+00  0.41639E+00  0.15937E+01  0.86194E-01  0.49567E-03  0.26306E-24  0.31576E-25  0.13857E-14  0.17929E-14  0.86731E-15  0.92298E+00  0.24263E-14
  0.22398E+01  0.12172E+01  0.50753E+00  0.41696E+00  0.15937E+01  0.86437E-01  0.49290E-03  0.26500E-24  0.31896E-25  0.13918E-14  0.18036E-14  0.86799E-15  0.92659E+00  0.24380E-14
  0.22298E+01  0.12200E+01  0.50940E+00  0.41754E+00  0.15937E+01  0.86682E-01  0.49009E-03  0.26696E-24  0.32222E-25  0.13981E-14  0.18144E-14  0.86869E-15  0.93027E+00  0.24498E-14
  0.22198E+01  0.12228E+01  0.51128E+00  0.41813E+00  0.15936E+01  0.86928E-01  0.48724E-03  0.26895E-24  0.32552E-25  0.14044E-14  0.18253E-14  0.86939E-15  0.93404E+00  0.24617E-14
  0.22098E+01  0.12256E+01  0.51318E+00  0.41872E+00  0.15936E+01  0.87177E-01  0.48433E-03  0.27096E-24  0.32888E-25  0.14107E-14  0.18364E-14  0.87009E-15  0.93790E+00  0.24738E-14
  0.21998E+01  0.12284E+01  0.51510E+00  0.41931E+00  0.15935E+01  0.87428E-01  0.48137E-03  0.27299E-24  0.33229E-25  0.14171E-14  0.18475E-14  0.87079E-15  0.94184E+00  0.24859E-14
  0.21898E+01  0.12313E+01  0.51703E+00  0.41990E+00  0.15935E+01  0.87681E-01  0.47837E-03  0.27505E-24  0.33575E-25  0.14236E-14  0.18587E-14  0.87150E-15  0.94588E+00  0.24982E-14
  0.21798E+01  0.12342E+01  0.51897E+00  0.42050E+00  0.15935E+01  0.87936E-01  0.47531E-03  0.27714E-24  0.33927E-25  0.14302E-14  0.18701E-14  0.87222E-15  0.95001E+00  0.25106E-14
  0.21698E+01  0.12371E+01  0.52093E+00  0.42111E+00  0.15934E+01  0.88193E-01  0.47220E-03  0.27926E-24  0.34284E-25  0.14367E-14  0.18815E-14  0.87294E-15  0.95425E+00  0.25232E-14
  0.21598E+01  0.12400E+01  0.52291E+00  0.42171E+00  0.15934E+01  0.88452E-01  0.46903E-03  0.28140E-24  0.34646E-25  0.14434E-14  0.18931E-14  0.87366E-15  0.95860E+00  0.25358E-14
  0.21498E+01  0.12429E+01  0.52491E+00  0.42232E+00  0.15934E+01  0.88713E-01  0.46581E-03  0.28357E-24  0.35015E-25  0.14501E-14  0.19047E-14  0.87439E-15  0.96306E+00  0.25486E-14
  0.21398E+01  0.12459E+01  0.52692E+00  0.42294E+00  0.15933E+01  0.88976E-01  0.46253E-03  0.28577E-24  0.35389E-25  0.14569E-14  0.19165E-14  0.87512E-15  0.96764E+00  0.25615E-14
  0.21298E+01  0.12488E+01  0.52895E+00  0.42356E+00  0.15933E+01  0.89242E-01  0.45920E-03  0.28799E-24  0.35769E-25  0.14637E-14  0.19284E-14  0.87586E-15  0.97235E+00  0.25746E-14
  0.21198E+01  0.12518E+01  0.53099E+00  0.42418E+00  0.15932E+01  0.89509E-01  0.45581E-03  0.29025E-24  0.36155E-25  0.14706E-14  0.19405E-14  0.87660E-15  0.97719E+00  0.25878E-14
  0.21098E+01  0.12548E+01  0.53306E+00  0.42481E+00  0.15932E+01  0.89779E-01  0.45236E-03  0.29253E-24  0.36548E-25  0.14776E-14  0.19526E-14  0.87734E-15  0.98217E+00  0.26011E-14
  0.20998E+01  0.12578E+01  0.53514E+00  0.42544E+00  0.15932E+01  0.90051E-01  0.44884E-03  0.29485E-24  0.36946E-25  0.14846E-14  0.19649E-14  0.87809E-15  0.98729E+00  0.26145E-14
  0.20898E+01  0.12609E+01  0.53724E+00  0.42608E+00  0.15931E+01  0.90326E-01  0.44527E-03  0.29719E-24  0.37352E-25  0.14917E-14  0.19772E-14  0.87885E-15  0.99258E+00  0.26281E-14
  0.20798E+01  0.12640E+01  0.53936E+00  0.42672E+00  0.15931E+01  0.90602E-01  0.44163E-03  0.29957E-24  0.37764E-25  0.14989E-14  0.19898E-14  0.87961E-15  0.99803E+00  0.26419E-14
  0.20698E+01  0.12671E+01  0.54149E+00  0.42736E+00  0.15931E+01  0.90881E-01  0.43793E-03  0.30198E-24  0.38182E-25  0.15062E-14  0.20024E-14  0.88037E-15  0.10037E+01  0.26558E-14
