  0.39000E+01  0.89563E+00  0.31648E+00  0.35336E+00  0.16000E+01  0.61782E-01  0.65000E-03  0.10995E-24  0.95043E-26  0.79935E-14  0.79935E-14  0.79935E-14  0.61971E+00  0.13845E-13
  0.38999E+01  0.89605E+00  0.31663E+00  0.35336E+00  0.16000E+01  0.61782E-01  0.65000E-03  0.10995E-24  0.95051E-26  0.79937E-14  0.79940E-14  0.79936E-14  0.66955E+00  0.13846E-13
  0.38998E+01  0.89604E+00  0.31663E+00  0.35337E+00  0.16000E+01  0.61785E-01  0.65001E-03  0.10996E-24  0.95058E-26  0.79939E-14  0.79945E-14  0.79938E-14  0.66956E+00  0.13846E-13
  0.38898E+01  0.89684E+00  0.31717E+00  0.35366E+00  0.16000E+01  0.61887E-01  0.64998E-03  0.11044E-24  0.95630E-26  0.80144E-14  0.80335E-14  0.80004E-14  0.67035E+00  0.13884E-13
  0.38798E+01  0.89824E+00  0.31790E+00  0.35392E+00  0.15999E+01  0.61979E-01  0.64984E-03  0.11087E-24  0.96145E-26  0.80351E-14  0.80683E-14  0.80025E-14  0.67114E+00  0.13918E-13
  0.38698E+01  0.89965E+00  0.31864E+00  0.35418E+00  0.15999E+01  0.62072E-01  0.64969E-03  0.11131E-24  0.96664E-26  0.80558E-14  0.81032E-14  0.80047E-14  0.67193E+00  0.13951E-13
  0.38598E+01  0.90108E+00  0.31938E+00  0.35444E+00  0.15999E+01  0.62165E-01  0.64954E-03  0.11174E-24  0.97187E-26  0.80767E-14  0.81383E-14  0.80068E-14  0.67273E+00  0.13985E-13
  0.38498E+01  0.90251E+00  0.32012E+00  0.35470E+00  0.15998E+01  0.62258E-01  0.64938E-03  0.11218E-24  0.97714E-26  0.80977E-14  0.81735E-14  0.80089E-14  0.67353E+00  0.14019E-13
  0.38398E+01  0.90394E+00  0.32087E+00  0.35497E+00  0.15998E+01  0.62352E-01  0.64922E-03  0.11263E-24  0.98246E-26  0.81188E-14  0.82090E-14  0.80111E-14  0.67434E+00  0.14053E-13
  0.38298E+01  0.90538E+00  0.32162E+00  0.35523E+00  0.15998E+01  0.62446E-01  0.64906E-03  0.11307E-24  0.98783E-26  0.81400E-14  0.82446E-14  0.80132E-14  0.67515E+00  0.14087E-13
  0.38198E+01  0.90682E+00  0.32237E+00  0.35550E+00  0.15997E+01  0.62540E-01  0.64889E-03  0.11352E-24  0.99324E-26  0.81613E-14  0.82804E-14  0.80154E-14  0.67596E+00  0.14122E-13
  0.38098E+01  0.90827E+00  0.32313E+00  0.35576E+00  0.15997E+01  0.62635E-01  0.64872E-03  0.11398E-24  0.99870E-26  0.81827E-14  0.83163E-14  0.80176E-14  0.67678E+00  0.14156E-13
  0.37998E+01  0.90972E+00  0.32389E+00  0.35603E+00  0.15996E+01  0.62731E-01  0.64854E-03  0.11443E-24  0.10042E-25  0.82042E-14  0.83525E-14  0.80199E-14  0.67760E+00  0.14191E-13
  0.37898E+01  0.91117E+00  0.32465E+00  0.35630E+00  0.15996E+01  0.62827E-01  0.64836E-03  0.11489E-24  0.10098E-25  0.82259E-14  0.83888E-14  0.80221E-14  0.67843E+00  0.14226E-13
  0.37798E+01  0.91263E+00  0.32542E+00  0.35657E+00  0.15996E+01  0.62923E-01  0.64817E-03  0.11535E-24  0.10154E-25  0.82476E-14  0.84253E-14  0.80244E-14  0.67926E+00  0.14262E-13
  0.37698E+01  0.91410E+00  0.32619E+00  0.35684E+00  0.15995E+01  0.63020E-01  0.64798E-03  0.11582E-24  0.10210E-25  0.82695E-14  0.84620E-14  0.80267E-14  0.68010E+00  0.14298E-13
  0.37598E+01  0.91557E+00  0.32696E+00  0.35711E+00  0.15995E+01  0.63117E-01  0.64779E-03  0.11629E-24  0.10267E-25  0.82915E-14  0.84989E-14  0.80290E-14  0.68094E+00  0.14333E-13
  0.37498E+01  0.91704E+00  0.32774E+00  0.35739E+00  0.15995E+01  0.63215E-01  0.64759E-03  0.11676E-24  0.10325E-25  0.83136E-14  0.85360E-14  0.80313E-14  0.68178E+00  0.14369E-13
  0.37398E+01  0.91852E+00  0.32852E+00  0.35766E+00  0.15994E+01  0.63313E-01  0.64738E-03  0.11724E-24  0.10383E-25  0.83359E-14  0.85733E-14  0.80337E-14  0.68263E+00  0.14406E-13
  0.37298E+01  0.92000E+00  0.32930E+00  0.35794E+00  0.15994E+01  0.63412E-01  0.64718E-03  0.11772E-24  0.10441E-25  0.83582E-14  0.86108E-14  0.80360E-14  0.68348E+00  0.14442E-13
  0.37198E+01  0.92149E+00  0.33009E+00  0.35821E+00  0.15994E+01  0.63511E-01  0.64696E-03  0.11820E-24  0.10500E-25  0.83807E-14  0.86485E-14  0.80384E-14  0.68434E+00  0.14479E-13
  0.37098E+01  0.92298E+00  0.33088E+00  0.35849E+00  0.15993E+01  0.63611E-01  0.64675E-03  0.11869E-24  0.10560E-25  0.84033E-14  0.86864E-14  0.80408E-14  0.68520E+00  0.14516E-13
  0.36998E+01  0.92447E+00  0.33167E+00  0.35877E+00  0.15993E+01  0.63711E-01  0.64652E-03  0.11918E-24  0.10620E-25  0.84260E-14  0.87244E-14  0.80433E-14  0.68607E+00  0.14554E-13
  0.36898E+01  0.92598E+00  0.33247E+00  0.35905E+00  0.15993E+01  0.63812E-01  0.64630E-03  0.11967E-24  0.10681E-25  0.84488E-14  0.87627E-14  0.80457E-14  0.68694E+00  0.14591E-13
  0.36798E+01  0.92748E+00  0.33327E+00  0.35933E+00  0.15992E+01  0.63913E-01  0.64606E-03  0.12017E-24  0.10742E-25  0.84718E-14  0.88012E-14  0.80482E-14  0.68782E+00  0.14629E-13
  0.36698E+01  0.92899E+00  0.33408E+00  0.35961E+00  0.15992E+01  0.64014E-01  0.64583E-03  0.12067E-24  0.10804E-25  0.84949E-14  0.88399E-14  0.80507E-14  0.68870E+00  0.14667E-13
  0.36598E+01  0.93051E+00  0.33488E+00  0.35989E+00  0.15991E+01  0.64116E-01  0.64558E-03  0.12117E-24  0.10866E-25  0.85181E-14  0.88788E-14  0.80532E-14  0.68959E+00  0.14705E-13
  0.36498E+01  0.93203E+00  0.33570E+00  0.36018E+00  0.15991E+01  0.64219E-01  0.64533E-03  0.12168E-24  0.10929E-25  0.85414E-14  0.89179E-14  0.80557E-14  0.69048E+00  0.14744E-13
  0.36398E+01  0.93355E+00  0.33651E+00  0.36046E+00  0.15991E+01  0.64322E-01  0.64508E-03  0.12220E-24  0.10992E-25  0.85649E-14  0.89572E-14  0.80582E-14  0.69138E+00  0.14783E-13
  0.36298E+01  0.93508E+00  0.33733E+00  0.36075E+00  0.15990E+01  0.64426E-01  0.64482E-03  0.12271E-24  0.11056E-25  0.85885E-14  0.89968E-14  0.80608E-14  0.69228E+00  0.14822E-13
  0.36198E+01  0.93662E+00  0.33815E+00  0.36104E+00  0.15990E+01  0.64530E-01  0.64456E-03  0.12323E-24  0.11121E-25  0.86122E-14  0.90365E-14  0.80634E-14  0.69319E+00  0.14861E-13
  0.36098E+01  0.93816E+00  0.33898E+00  0.36133E+00  0.15990E+01  0.64634E-01  0.64429E-03  0.12376E-24  0.11186E-25  0.86361E-14  0.90765E-14  0.80660E-14  0.69410E+00  0.14901E-13
  0.35998E+01  0.93970E+00  0.33981E+00  0.36162E+00  0.15989E+01  0.64739E-01  0.64402E-03  0.12428E-24  0.11252E-25  0.86601E-14  0.91167E-14  0.80686E-14  0.69502E+00  0.14940E-13
  0.35898E+01  0.94125E+00  0.34065E+00  0.36191E+00  0.15989E+01  0.64845E-01  0.64373E-03  0.12482E-24  0.11318E-25  0.86842E-14  0.91571E-14  0.80713E-14  0.69594E+00  0.14980E-13
  0.35798E+01  0.94281E+00  0.34149E+00  0.36220E+00  0.15989E+01  0.64951E-01  0.64345E-03  0.12535E-24  0.11385E-25  0.87084E-14  0.91977E-14  0.80740E-14  0.69687E+00  0.15021E-13
  0.35698E+01  0.94437E+00  0.34233E+00  0.36249E+00  0.15988E+01  0.65058E-01  0.64316E-03  0.12589E-24  0.11453E-25  0.87328E-14  0.92386E-14  0.80767E-14  0.69780E+00  0.15061E-13
  0.35598E+01  0.94593E+00  0.34317E+00  0.36279E+00  0.15988E+01  0.65165E-01  0.64286E-03  0.12644E-24  0.11521E-25  0.87574E-14  0.92797E-14  0.80794E-14  0.69874E+00  0.15102E-13
  0.35498E+01  0.94750E+00  0.34402E+00  0.36309E+00  0.15988E+01  0.65273E-01  0.64256E-03  0.12699E-24  0.11590E-25  0.87820E-14  0.93210E-14  0.80821E-14  0.69968E+00  0.15144E-13
  0.35398E+01  0.94907E+00  0.34488E+00  0.36338E+00  0.15987E+01  0.65381E-01  0.64225E-03  0.12754E-24  0.11659E-25  0.88068E-14  0.93625E-14  0.80849E-14  0.70063E+00  0.15185E-13
  0.35298E+01  0.95065E+00  0.34574E+00  0.36368E+00  0.15987E+01  0.65490E-01  0.64193E-03  0.12810E-24  0.11729E-25  0.88318E-14  0.94043E-14  0.80877E-14  0.70159E+00  0.15227E-13
  0.35198E+01  0.95224E+00  0.34660E+00  0.36398E+00  0.15987E+01  0.65600E-01  0.64161E-03  0.12866E-24  0.11800E-25  0.88569E-14  0.94463E-14  0.80905E-14  0.70255E+00  0.15269E-13
  0.35098E+01  0.95383E+00  0.34746E+00  0.36428E+00  0.15986E+01  0.65709E-01  0.64128E-03  0.12922E-24  0.11872E-25  0.88821E-14  0.94886E-14  0.80933E-14  0.70352E+00  0.15311E-13
  0.34998E+01  0.95543E+00  0.34833E+00  0.36458E+00  0.15986E+01  0.65820E-01  0.64094E-03  0.12979E-24  0.11944E-25  0.89075E-14  0.95311E-14  0.80961E-14  0.70449E+00  0.15354E-13
  0.34898E+01  0.95703E+00  0.34921E+00  0.36489E+00  0.15985E+01  0.65931E-01  0.64060E-03  0.13037E-24  0.12017E-25  0.89330E-14  0.95738E-14  0.80990E-14  0.70547E+00  0.15396E-13
  0.34798E+01  0.95863E+00  0.35009E+00  0.36519E+00  0.15985E+01  0.66043E-01  0.64026E-03  0.13095E-24  0.12090E-25  0.89587E-14  0.96168E-14  0.81019E-14  0.70645E+00  0.15440E-13
  0.34698E+01  0.96025E+00  0.35097E+00  0.36550E+00  0.15985E+01  0.66155E-01  0.63990E-03  0.13153E-24  0.12165E-25  0.89845E-14  0.96601E-14  0.81048E-14  0.70744E+00  0.15483E-13
  0.34598E+01  0.96186E+00  0.35186E+00  0.36581E+00  0.15984E+01  0.66268E-01  0.63954E-03  0.13212E-24  0.12240E-25  0.90105E-14  0.97036E-14  0.81077E-14  0.70844E+00  0.15527E-13
  0.34498E+01  0.96349E+00  0.35275E+00  0.36612E+00  0.15984E+01  0.66381E-01  0.63917E-03  0.13271E-24  0.12315E-25  0.90366E-14  0.97473E-14  0.81107E-14  0.70944E+00  0.15571E-13
  0.34398E+01  0.96511E+00  0.35364E+00  0.36643E+00  0.15984E+01  0.66495E-01  0.63880E-03  0.13331E-24  0.12392E-25  0.90629E-14  0.97913E-14  0.81137E-14  0.71045E+00  0.15615E-13
  0.34298E+01  0.96675E+00  0.35454E+00  0.36674E+00  0.15983E+01  0.66610E-01  0.63842E-03  0.13391E-24  0.12469E-25  0.90893E-14  0.98355E-14  0.81167E-14  0.71147E+00  0.15660E-13
  0.34198E+01  0.96839E+00  0.35545E+00  0.36705E+00  0.15983E+01  0.66725E-01  0.63803E-03  0.13452E-24  0.12547E-25  0.91159E-14  0.98800E-14  0.81197E-14  0.71249E+00  0.15705E-13
  0.34098E+01  0.97003E+00  0.35635E+00  0.36736E+00  0.15983E+01  0.66840E-01  0.63763E-03  0.13513E-24  0.12625E-25  0.91426E-14  0.99248E-14  0.81228E-14  0.71352E+00  0.15750E-13
  0.33998E+01  0.97168E+00  0.35727E+00  0.36768E+00  0.15982E+01  0.66957E-01  0.63723E-03  0.13575E-24  0.12705E-25  0.91695E-14  0.99699E-14  0.81258E-14  0.71455E+00  0.15796E-13
  0.33898E+01  0.97334E+00  0.35818E+00  0.36800E+00  0.15982E+01  0.67074E-01  0.63682E-03  0.13637E-24  0.12785E-25  0.91965E-14  0.10015E-13  0.81289E-14  0.71559E+00  0.15842E-13
  0.33798E+01  0.97500E+00  0.35911E+00  0.36831E+00  0.15982E+01  0.67191E-01  0.63640E-03  0.13700E-24  0.12866E-25  0.92238E-14  0.10061E-13  0.81321E-14  0.71664E+00  0.15888E-13
  0.33698E+01  0.97667E+00  0.36003E+00  0.36863E+00  0.15981E+01  0.67310E-01  0.63597E-03  0.13763E-24  0.12948E-25  0.92511E-14  0.10107E-13  0.81352E-14  0.71770E+00  0.15934E-13
  0.33598E+01  0.97834E+00  0.36096E+00  0.36895E+00  0.15981E+01  0.67428E-01  0.63554E-03  0.13827E-24  0.13030E-25  0.92787E-14  0.10153E-13  0.81384E-14  0.71876E+00  0.15981E-13
  0.33498E+01  0.98002E+00  0.36190E+00  0.36928E+00  0.15981E+01  0.67548E-01  0.63510E-03  0.13891E-24  0.13114E-25  0.93064E-14  0.10199E-13  0.81416E-14  0.71983E+00  0.16029E-13
  0.33398E+01  0.98170E+00  0.36284E+00  0.36960E+00  0.15980E+01  0.67668E-01  0.63465E-03  0.13956E-24  0.13198E-25  0.93342E-14  0.10246E-13  0.81448E-14  0.72090E+00  0.16076E-13
  0.33298E+01  0.98340E+00  0.36378E+00  0.36993E+00  0.15980E+01  0.67789E-01  0.63419E-03  0.14021E-24  0.13283E-25  0.93623E-14  0.10293E-13  0.81480E-14  0.72199E+00  0.16124E-13
  0.33198E+01  0.98509E+00  0.36473E+00  0.37025E+00  0.15979E+01  0.67910E-01  0.63373E-03  0.14087E-24  0.13369E-25  0.93905E-14  0.10340E-13  0.81513E-14  0.72308E+00  0.16172E-13
  0.33098E+01  0.98679E+00  0.36569E+00  0.37058E+00  0.15979E+01  0.68032E-01  0.63325E-03  0.14153E-24  0.13456E-25  0.94188E-14  0.10388E-13  0.81546E-14  0.72418E+00  0.16221E-13
  0.32998E+01  0.98850E+00  0.36665E+00  0.37091E+00  0.15979E+01  0.68155E-01  0.63277E-03  0.14220E-24  0.13544E-25  0.94474E-14  0.10435E-13  0.81579E-14  0.72528E+00  0.16270E-13
  0.32898E+01  0.99022E+00  0.36761E+00  0.37124E+00  0.15978E+01  0.68278E-01  0.63228E-03  0.14287E-24  0.13632E-25  0.94761E-14  0.10484E-13  0.81612E-14  0.72639E+00  0.16319E-13
  0.32798E+01  0.99194E+00  0.36858E+00  0.37157E+00  0.15978E+01  0.68402E-01  0.63178E-03  0.14355E-24  0.13722E-25  0.95050E-14  0.10532E-13  0.81646E-14  0.72751E+00  0.16368E-13
  0.32698E+01  0.99367E+00  0.36955E+00  0.37191E+00  0.15978E+01  0.68527E-01  0.63127E-03  0.14424E-24  0.13812E-25  0.95341E-14  0.10581E-13  0.81680E-14  0.72864E+00  0.16418E-13
  0.32598E+01  0.99540E+00  0.37053E+00  0.37224E+00  0.15977E+01  0.68652E-01  0.63076E-03  0.14493E-24  0.13903E-25  0.95633E-14  0.10630E-13  0.81714E-14  0.72978E+00  0.16469E-13
  0.32498E+01  0.99714E+00  0.37152E+00  0.37258E+00  0.15977E+01  0.68778E-01  0.63023E-03  0.14563E-24  0.13996E-25  0.95927E-14  0.10679E-13  0.81749E-14  0.73092E+00  0.16519E-13
  0.32398E+01  0.99889E+00  0.37250E+00  0.37292E+00  0.15977E+01  0.68905E-01  0.62969E-03  0.14633E-24  0.14089E-25  0.96223E-14  0.10729E-13  0.81783E-14  0.73207E+00  0.16570E-13
  0.32298E+01  0.10006E+01  0.37350E+00  0.37326E+00  0.15976E+01  0.69032E-01  0.62915E-03  0.14704E-24  0.14183E-25  0.96521E-14  0.10779E-13  0.81818E-14  0.73323E+00  0.16622E-13
  0.32198E+01  0.10024E+01  0.37450E+00  0.37360E+00  0.15976E+01  0.69160E-01  0.62860E-03  0.14776E-24  0.14278E-25  0.96821E-14  0.10829E-13  0.81853E-14  0.73440E+00  0.16674E-13
  0.32098E+01  0.10042E+01  0.37550E+00  0.37394E+00  0.15976E+01  0.69289E-01  0.62803E-03  0.14848E-24  0.14374E-25  0.97123E-14  0.10880E-13  0.81889E-14  0.73557E+00  0.16726E-13
  0.31998E+01  0.10059E+01  0.37651E+00  0.37429E+00  0.15975E+01  0.69419E-01  0.62746E-03  0.14921E-24  0.14471E-25  0.97426E-14  0.10930E-13  0.81925E-14  0.73676E+00  0.16778E-13
  0.31898E+01  0.10077E+01  0.37752E+00  0.37464E+00  0.15975E+01  0.69549E-01  0.62688E-03  0.14994E-24  0.14569E-25  0.97732E-14  0.10982E-13  0.81961E-14  0.73795E+00  0.16831E-13
  0.31798E+01  0.10095E+01  0.37854E+00  0.37498E+00  0.15975E+01  0.69680E-01  0.62628E-03  0.15068E-24  0.14669E-25  0.98039E-14  0.11033E-13  0.81997E-14  0.73915E+00  0.16884E-13
  0.31698E+01  0.10113E+01  0.37957E+00  0.37533E+00  0.15974E+01  0.69812E-01  0.62568E-03  0.15143E-24  0.14769E-25  0.98348E-14  0.11085E-13  0.82033E-14  0.74036E+00  0.16938E-13
  0.31598E+01  0.10131E+01  0.38060E+00  0.37568E+00  0.15974E+01  0.69944E-01  0.62507E-03  0.15218E-24  0.14870E-25  0.98660E-14  0.11137E-13  0.82070E-14  0.74158E+00  0.16992E-13
  0.31498E+01  0.10149E+01  0.38164E+00  0.37604E+00  0.15973E+01  0.70077E-01  0.62444E-03  0.15294E-24  0.14972E-25  0.98973E-14  0.11190E-13  0.82107E-14  0.74281E+00  0.17047E-13
  0.31398E+01  0.10167E+01  0.38268E+00  0.37639E+00  0.15973E+01  0.70211E-01  0.62381E-03  0.15371E-24  0.15076E-25  0.99288E-14  0.11243E-13  0.82145E-14  0.74405E+00  0.17102E-13
  0.31298E+01  0.10185E+01  0.38372E+00  0.37675E+00  0.15973E+01  0.70346E-01  0.62316E-03  0.15448E-24  0.15180E-25  0.99605E-14  0.11296E-13  0.82182E-14  0.74529E+00  0.17157E-13
  0.31198E+01  0.10203E+01  0.38478E+00  0.37710E+00  0.15972E+01  0.70481E-01  0.62251E-03  0.15526E-24  0.15286E-25  0.99925E-14  0.11350E-13  0.82220E-14  0.74655E+00  0.17213E-13
  0.31098E+01  0.10222E+01  0.38583E+00  0.37746E+00  0.15972E+01  0.70618E-01  0.62184E-03  0.15605E-24  0.15393E-25  0.10025E-13  0.11404E-13  0.82258E-14  0.74782E+00  0.17269E-13
  0.30998E+01  0.10240E+01  0.38690E+00  0.37783E+00  0.15972E+01  0.70755E-01  0.62116E-03  0.15684E-24  0.15500E-25  0.10057E-13  0.11458E-13  0.82297E-14  0.74909E+00  0.17325E-13
  0.30898E+01  0.10259E+01  0.38797E+00  0.37819E+00  0.15971E+01  0.70893E-01  0.62047E-03  0.15764E-24  0.15610E-25  0.10089E-13  0.11513E-13  0.82335E-14  0.75038E+00  0.17382E-13
  0.30798E+01  0.10277E+01  0.38904E+00  0.37855E+00  0.15971E+01  0.71031E-01  0.61977E-03  0.15845E-24  0.15720E-25  0.10122E-13  0.11568E-13  0.82374E-14  0.75167E+00  0.17439E-13
  0.30698E+01  0.10296E+01  0.39012E+00  0.37892E+00  0.15971E+01  0.71171E-01  0.61906E-03  0.15927E-24  0.15831E-25  0.10155E-13  0.11623E-13  0.82414E-14  0.75298E+00  0.17497E-13
  0.30598E+01  0.10314E+01  0.39121E+00  0.37929E+00  0.15970E+01  0.71311E-01  0.61833E-03  0.16009E-24  0.15944E-25  0.10188E-13  0.11679E-13  0.82453E-14  0.75429E+00  0.17555E-13
  0.30498E+01  0.10333E+01  0.39230E+00  0.37966E+00  0.15970E+01  0.71452E-01  0.61760E-03  0.16092E-24  0.16058E-25  0.10222E-13  0.11735E-13  0.82493E-14  0.75562E+00  0.17614E-13
  0.30398E+01  0.10352E+01  0.39340E+00  0.38003E+00  0.15970E+01  0.71594E-01  0.61685E-03  0.16176E-24  0.16173E-25  0.10255E-13  0.11792E-13  0.82533E-14  0.75695E+00  0.17673E-13
  0.30298E+01  0.10371E+01  0.39451E+00  0.38040E+00  0.15969E+01  0.71736E-01  0.61609E-03  0.16260E-24  0.16289E-25  0.10289E-13  0.11849E-13  0.82574E-14  0.75830E+00  0.17733E-13
  0.30198E+01  0.10390E+01  0.39562E+00  0.38078E+00  0.15969E+01  0.71880E-01  0.61531E-03  0.16345E-24  0.16407E-25  0.10323E-13  0.11906E-13  0.82614E-14  0.75966E+00  0.17793E-13
  0.30098E+01  0.10409E+01  0.39674E+00  0.38115E+00  0.15969E+01  0.72024E-01  0.61452E-03  0.16431E-24  0.16526E-25  0.10358E-13  0.11964E-13  0.82655E-14  0.76103E+00  0.17853E-13
  0.29998E+01  0.10428E+01  0.39786E+00  0.38153E+00  0.15968E+01  0.72170E-01  0.61372E-03  0.16518E-24  0.16647E-25  0.10392E-13  0.12022E-13  0.82697E-14  0.76241E+00  0.17914E-13
  0.29898E+01  0.10447E+01  0.39899E+00  0.38191E+00  0.15968E+01  0.72316E-01  0.61291E-03  0.16606E-24  0.16768E-25  0.10427E-13  0.12081E-13  0.82738E-14  0.76380E+00  0.17976E-13
  0.29798E+01  0.10466E+01  0.40013E+00  0.38230E+00  0.15968E+01  0.72463E-01  0.61208E-03  0.16694E-24  0.16891E-25  0.10462E-13  0.12140E-13  0.82780E-14  0.76521E+00  0.18037E-13
  0.29698E+01  0.10486E+01  0.40127E+00  0.38268E+00  0.15967E+01  0.72610E-01  0.61124E-03  0.16784E-24  0.17016E-25  0.10497E-13  0.12199E-13  0.82822E-14  0.76662E+00  0.18100E-13
  0.29598E+01  0.10505E+01  0.40242E+00  0.38307E+00  0.15967E+01  0.72759E-01  0.61039E-03  0.16874E-24  0.17142E-25  0.10533E-13  0.12259E-13  0.82865E-14  0.76805E+00  0.18163E-13
  0.29498E+01  0.10525E+01  0.40357E+00  0.38345E+00  0.15966E+01  0.72909E-01  0.60952E-03  0.16965E-24  0.17269E-25  0.10568E-13  0.12319E-13  0.82908E-14  0.76949E+00  0.18226E-13
  0.29398E+01  0.10544E+01  0.40474E+00  0.38384E+00  0.15966E+01  0.73059E-01  0.60864E-03  0.17056E-24  0.17398E-25  0.10604E-13  0.12380E-13  0.82951E-14  0.77094E+00  0.18290E-13
  0.29298E+01  0.10564E+01  0.40590E+00  0.38424E+00  0.15966E+01  0.73211E-01  0.60774E-03  0.17149E-24  0.17528E-25  0.10640E-13  0.12441E-13  0.82994E-14  0.77240E+00  0.18354E-13
  0.29198E+01  0.10584E+01  0.40708E+00  0.38463E+00  0.15965E+01  0.73363E-01  0.60683E-03  0.17242E-24  0.17660E-25  0.10677E-13  0.12502E-13  0.83038E-14  0.77388E+00  0.18419E-13
  0.29098E+01  0.10604E+01  0.40826E+00  0.38503E+00  0.15965E+01  0.73516E-01  0.60590E-03  0.17337E-24  0.17793E-25  0.10714E-13  0.12564E-13  0.83082E-14  0.77537E+00  0.18484E-13
  0.28998E+01  0.10623E+01  0.40945E+00  0.38542E+00  0.15965E+01  0.73671E-01  0.60496E-03  0.17432E-24  0.17928E-25  0.10751E-13  0.12627E-13  0.83127E-14  0.77688E+00  0.18550E-13
  0.28898E+01  0.10643E+01  0.41065E+00  0.38582E+00  0.15964E+01  0.73826E-01  0.60400E-03  0.17528E-24  0.18064E-25  0.10788E-13  0.12689E-13  0.83171E-14  0.77839E+00  0.18616E-13
  0.28798E+01  0.10663E+01  0.41185E+00  0.38623E+00  0.15964E+01  0.73982E-01  0.60303E-03  0.17625E-24  0.18202E-25  0.10825E-13  0.12753E-13  0.83216E-14  0.77992E+00  0.18683E-13
  0.28698E+01  0.10684E+01  0.41306E+00  0.38663E+00  0.15964E+01  0.74139E-01  0.60204E-03  0.17723E-24  0.18342E-25  0.10863E-13  0.12816E-13  0.83262E-14  0.78147E+00  0.18751E-13
  0.28598E+01  0.10704E+01  0.41428E+00  0.38703E+00  0.15963E+01  0.74297E-01  0.60104E-03  0.17822E-24  0.18483E-25  0.10901E-13  0.12881E-13  0.83307E-14  0.78303E+00  0.18819E-13
  0.28498E+01  0.10724E+01  0.41550E+00  0.38744E+00  0.15963E+01  0.74456E-01  0.60002E-03  0.17922E-24  0.18626E-25  0.10939E-13  0.12945E-13  0.83353E-14  0.78460E+00  0.18887E-13
  0.28398E+01  0.10745E+01  0.41673E+00  0.38785E+00  0.15963E+01  0.74616E-01  0.59898E-03  0.18023E-24  0.18770E-25  0.10978E-13  0.13010E-13  0.83400E-14  0.78619E+00  0.18956E-13
  0.28298E+01  0.10765E+01  0.41797E+00  0.38827E+00  0.15962E+01  0.74777E-01  0.59792E-03  0.18125E-24  0.18916E-25  0.11016E-13  0.13076E-13  0.83446E-14  0.78779E+00  0.19026E-13
  0.28198E+01  0.10786E+01  0.41922E+00  0.38868E+00  0.15962E+01  0.74939E-01  0.59685E-03  0.18228E-24  0.19064E-25  0.11056E-13  0.13142E-13  0.83493E-14  0.78941E+00  0.19096E-13
  0.28098E+01  0.10806E+01  0.42047E+00  0.38910E+00  0.15962E+01  0.75102E-01  0.59576E-03  0.18332E-24  0.19214E-25  0.11095E-13  0.13209E-13  0.83541E-14  0.79105E+00  0.19167E-13
  0.27998E+01  0.10827E+01  0.42173E+00  0.38951E+00  0.15961E+01  0.75266E-01  0.59466E-03  0.18437E-24  0.19366E-25  0.11135E-13  0.13276E-13  0.83588E-14  0.79270E+00  0.19238E-13
  0.27898E+01  0.10848E+01  0.42300E+00  0.38994E+00  0.15961E+01  0.75431E-01  0.59353E-03  0.18543E-24  0.19519E-25  0.11174E-13  0.13343E-13  0.83636E-14  0.79436E+00  0.19310E-13
  0.27798E+01  0.10869E+01  0.42428E+00  0.39036E+00  0.15960E+01  0.75598E-01  0.59239E-03  0.18650E-24  0.19674E-25  0.11215E-13  0.13412E-13  0.83684E-14  0.79604E+00  0.19382E-13
  0.27698E+01  0.10890E+01  0.42556E+00  0.39078E+00  0.15960E+01  0.75765E-01  0.59123E-03  0.18758E-24  0.19831E-25  0.11255E-13  0.13480E-13  0.83733E-14  0.79774E+00  0.19455E-13
  0.27598E+01  0.10911E+01  0.42686E+00  0.39121E+00  0.15960E+01  0.75933E-01  0.59005E-03  0.18867E-24  0.19990E-25  0.11296E-13  0.13549E-13  0.83782E-14  0.79946E+00  0.19529E-13
  0.27498E+01  0.10932E+01  0.42816E+00  0.39164E+00  0.15959E+01  0.76102E-01  0.58885E-03  0.18977E-24  0.20151E-25  0.11337E-13  0.13619E-13  0.83831E-14  0.80119E+00  0.19603E-13
  0.27398E+01  0.10954E+01  0.42946E+00  0.39207E+00  0.15959E+01  0.76273E-01  0.58763E-03  0.19088E-24  0.20314E-25  0.11378E-13  0.13689E-13  0.83881E-14  0.80295E+00  0.19678E-13
  0.27298E+01  0.10975E+01  0.43078E+00  0.39251E+00  0.15959E+01  0.76445E-01  0.58639E-03  0.19201E-24  0.20479E-25  0.11420E-13  0.13760E-13  0.83931E-14  0.80472E+00  0.19753E-13
  0.27198E+01  0.10997E+01  0.43211E+00  0.39294E+00  0.15958E+01  0.76617E-01  0.58513E-03  0.19314E-24  0.20646E-25  0.11462E-13  0.13831E-13  0.83981E-14  0.80651E+00  0.19830E-13
  0.27098E+01  0.11018E+01  0.43344E+00  0.39338E+00  0.15958E+01  0.76791E-01  0.58385E-03  0.19429E-24  0.20815E-25  0.11504E-13  0.13903E-13  0.84032E-14  0.80831E+00  0.19906E-13
  0.26998E+01  0.11040E+01  0.43478E+00  0.39382E+00  0.15958E+01  0.76966E-01  0.58255E-03  0.19545E-24  0.20987E-25  0.11547E-13  0.13976E-13  0.84083E-14  0.81014E+00  0.19984E-13
  0.26898E+01  0.11062E+01  0.43613E+00  0.39427E+00  0.15957E+01  0.77142E-01  0.58123E-03  0.19662E-24  0.21160E-25  0.11590E-13  0.14049E-13  0.84135E-14  0.81199E+00  0.20062E-13
  0.26798E+01  0.11084E+01  0.43749E+00  0.39471E+00  0.15957E+01  0.77319E-01  0.57988E-03  0.19781E-24  0.21335E-25  0.11633E-13  0.14122E-13  0.84186E-14  0.81385E+00  0.20140E-13
  0.26698E+01  0.11106E+01  0.43885E+00  0.39516E+00  0.15957E+01  0.77498E-01  0.57852E-03  0.19900E-24  0.21513E-25  0.11677E-13  0.14196E-13  0.84238E-14  0.81574E+00  0.20220E-13
  0.26598E+01  0.11128E+01  0.44023E+00  0.39561E+00  0.15956E+01  0.77678E-01  0.57713E-03  0.20021E-24  0.21693E-25  0.11721E-13  0.14271E-13  0.84291E-14  0.81765E+00  0.20300E-13
  0.26498E+01  0.11150E+01  0.44161E+00  0.39607E+00  0.15956E+01  0.77858E-01  0.57572E-03  0.20143E-24  0.21875E-25  0.11765E-13  0.14346E-13  0.84344E-14  0.81958E+00  0.20380E-13
  0.26398E+01  0.11172E+01  0.44301E+00  0.39652E+00  0.15956E+01  0.78040E-01  0.57429E-03  0.20266E-24  0.22060E-25  0.11809E-13  0.14422E-13  0.84397E-14  0.82153E+00  0.20462E-13
  0.26298E+01  0.11195E+01  0.44441E+00  0.39698E+00  0.15955E+01  0.78224E-01  0.57283E-03  0.20391E-24  0.22247E-25  0.11854E-13  0.14499E-13  0.84451E-14  0.82351E+00  0.20544E-13
  0.26198E+01  0.11217E+01  0.44582E+00  0.39744E+00  0.15955E+01  0.78408E-01  0.57135E-03  0.20517E-24  0.22436E-25  0.11900E-13  0.14576E-13  0.84505E-14  0.82551E+00  0.20627E-13
  0.26098E+01  0.11240E+01  0.44724E+00  0.39790E+00  0.15954E+01  0.78594E-01  0.56985E-03  0.20644E-24  0.22628E-25  0.11945E-13  0.14653E-13  0.84559E-14  0.82753E+00  0.20710E-13
  0.25998E+01  0.11263E+01  0.44867E+00  0.39837E+00  0.15954E+01  0.78781E-01  0.56832E-03  0.20773E-24  0.22822E-25  0.11991E-13  0.14732E-13  0.84614E-14  0.82957E+00  0.20794E-13
  0.25898E+01  0.11286E+01  0.45011E+00  0.39884E+00  0.15954E+01  0.78969E-01  0.56677E-03  0.20903E-24  0.23019E-25  0.12037E-13  0.14811E-13  0.84669E-14  0.83165E+00  0.20879E-13
  0.25798E+01  0.11309E+01  0.45156E+00  0.39931E+00  0.15953E+01  0.79159E-01  0.56519E-03  0.21034E-24  0.23219E-25  0.12084E-13  0.14891E-13  0.84724E-14  0.83374E+00  0.20965E-13
  0.25698E+01  0.11332E+01  0.45302E+00  0.39978E+00  0.15953E+01  0.79350E-01  0.56358E-03  0.21167E-24  0.23421E-25  0.12131E-13  0.14971E-13  0.84780E-14  0.83586E+00  0.21052E-13
  0.25598E+01  0.11355E+01  0.45449E+00  0.40026E+00  0.15953E+01  0.79542E-01  0.56195E-03  0.21301E-24  0.23625E-25  0.12178E-13  0.15052E-13  0.84836E-14  0.83801E+00  0.21139E-13
  0.25498E+01  0.11378E+01  0.45597E+00  0.40074E+00  0.15952E+01  0.79736E-01  0.56030E-03  0.21436E-24  0.23833E-25  0.12226E-13  0.15133E-13  0.84893E-14  0.84019E+00  0.21227E-13
  0.25398E+01  0.11402E+01  0.45745E+00  0.40122E+00  0.15952E+01  0.79930E-01  0.55861E-03  0.21574E-24  0.24043E-25  0.12274E-13  0.15216E-13  0.84950E-14  0.84239E+00  0.21315E-13
  0.25298E+01  0.11425E+01  0.45895E+00  0.40171E+00  0.15952E+01  0.80127E-01  0.55690E-03  0.21712E-24  0.24256E-25  0.12323E-13  0.15299E-13  0.85007E-14  0.84463E+00  0.21405E-13
  0.25198E+01  0.11449E+01  0.46046E+00  0.40219E+00  0.15951E+01  0.80324E-01  0.55516E-03  0.21852E-24  0.24472E-25  0.12372E-13  0.15382E-13  0.85065E-14  0.84689E+00  0.21495E-13
  0.25098E+01  0.11473E+01  0.46198E+00  0.40268E+00  0.15951E+01  0.80523E-01  0.55339E-03  0.21994E-24  0.24690E-25  0.12421E-13  0.15467E-13  0.85123E-14  0.84918E+00  0.21586E-13
  0.24998E+01  0.11496E+01  0.46351E+00  0.40318E+00  0.15951E+01  0.80724E-01  0.55159E-03  0.22137E-24  0.24912E-25  0.12471E-13  0.15552E-13  0.85181E-14  0.85151E+00  0.21678E-13
  0.24898E+01  0.11520E+01  0.46505E+00  0.40367E+00  0.15950E+01  0.80926E-01  0.54977E-03  0.22282E-24  0.25137E-25  0.12521E-13  0.15638E-13  0.85240E-14  0.85386E+00  0.21771E-13
  0.24798E+01  0.11545E+01  0.46660E+00  0.40417E+00  0.15950E+01  0.81129E-01  0.54791E-03  0.22429E-24  0.25365E-25  0.12571E-13  0.15724E-13  0.85300E-14  0.85625E+00  0.21864E-13
  0.24698E+01  0.11569E+01  0.46816E+00  0.40467E+00  0.15949E+01  0.81334E-01  0.54602E-03  0.22577E-24  0.25596E-25  0.12622E-13  0.15812E-13  0.85359E-14  0.85868E+00  0.21959E-13
  0.24598E+01  0.11593E+01  0.46973E+00  0.40518E+00  0.15949E+01  0.81540E-01  0.54410E-03  0.22726E-24  0.25830E-25  0.12674E-13  0.15900E-13  0.85419E-14  0.86114E+00  0.22054E-13
  0.24498E+01  0.11618E+01  0.47132E+00  0.40568E+00  0.15949E+01  0.81747E-01  0.54215E-03  0.22878E-24  0.26067E-25  0.12725E-13  0.15989E-13  0.85480E-14  0.86363E+00  0.22150E-13
  0.24398E+01  0.11643E+01  0.47291E+00  0.40619E+00  0.15948E+01  0.81957E-01  0.54017E-03  0.23031E-24  0.26307E-25  0.12777E-13  0.16078E-13  0.85541E-14  0.86616E+00  0.22247E-13
  0.24298E+01  0.11667E+01  0.47452E+00  0.40671E+00  0.15948E+01  0.82167E-01  0.53816E-03  0.23186E-24  0.26551E-25  0.12830E-13  0.16168E-13  0.85602E-14  0.86873E+00  0.22345E-13
  0.24198E+01  0.11692E+01  0.47614E+00  0.40722E+00  0.15948E+01  0.82380E-01  0.53611E-03  0.23342E-24  0.26799E-25  0.12883E-13  0.16260E-13  0.85664E-14  0.87134E+00  0.22444E-13
  0.24098E+01  0.11717E+01  0.47776E+00  0.40774E+00  0.15947E+01  0.82593E-01  0.53403E-03  0.23501E-24  0.27049E-25  0.12937E-13  0.16352E-13  0.85726E-14  0.87399E+00  0.22544E-13
  0.23998E+01  0.11742E+01  0.47941E+00  0.40827E+00  0.15947E+01  0.82809E-01  0.53191E-03  0.23661E-24  0.27304E-25  0.12990E-13  0.16444E-13  0.85788E-14  0.87668E+00  0.22644E-13
  0.23898E+01  0.11768E+01  0.48106E+00  0.40879E+00  0.15947E+01  0.83026E-01  0.52976E-03  0.23823E-24  0.27562E-25  0.13045E-13  0.16538E-13  0.85851E-14  0.87942E+00  0.22746E-13
  0.23798E+01  0.11793E+01  0.48272E+00  0.40932E+00  0.15946E+01  0.83244E-01  0.52757E-03  0.23987E-24  0.27823E-25  0.13100E-13  0.16632E-13  0.85915E-14  0.88220E+00  0.22848E-13
  0.23698E+01  0.11819E+01  0.48440E+00  0.40985E+00  0.15946E+01  0.83464E-01  0.52534E-03  0.24153E-24  0.28089E-25  0.13155E-13  0.16728E-13  0.85979E-14  0.88503E+00  0.22952E-13
  0.23598E+01  0.11845E+01  0.48609E+00  0.41039E+00  0.15946E+01  0.83686E-01  0.52308E-03  0.24321E-24  0.28358E-25  0.13211E-13  0.16824E-13  0.86043E-14  0.88790E+00  0.23056E-13
  0.23498E+01  0.11871E+01  0.48779E+00  0.41093E+00  0.15945E+01  0.83910E-01  0.52078E-03  0.24491E-24  0.28631E-25  0.13267E-13  0.16921E-13  0.86107E-14  0.89082E+00  0.23162E-13
  0.23398E+01  0.11897E+01  0.48951E+00  0.41147E+00  0.15945E+01  0.84135E-01  0.51844E-03  0.24663E-24  0.28908E-25  0.13324E-13  0.17018E-13  0.86172E-14  0.89380E+00  0.23268E-13
  0.23298E+01  0.11923E+01  0.49124E+00  0.41201E+00  0.15944E+01  0.84362E-01  0.51607E-03  0.24837E-24  0.29189E-25  0.13381E-13  0.17117E-13  0.86238E-14  0.89683E+00  0.23375E-13
  0.23198E+01  0.11949E+01  0.49298E+00  0.41256E+00  0.15944E+01  0.84590E-01  0.51365E-03  0.25013E-24  0.29474E-25  0.13438E-13  0.17217E-13  0.86304E-14  0.89991E+00  0.23484E-13
  0.23098E+01  0.11976E+01  0.49473E+00  0.41311E+00  0.15944E+01  0.84821E-01  0.51119E-03  0.25191E-24  0.29763E-25  0.13497E-13  0.17317E-13  0.86370E-14  0.90305E+00  0.23593E-13
  0.22998E+01  0.12002E+01  0.49650E+00  0.41367E+00  0.15943E+01  0.85053E-01  0.50869E-03  0.25371E-24  0.30057E-25  0.13555E-13  0.17419E-13  0.86437E-14  0.90625E+00  0.23704E-13
  0.22898E+01  0.12029E+01  0.49828E+00  0.41423E+00  0.15943E+01  0.85287E-01  0.50615E-03  0.25554E-24  0.30355E-25  0.13614E-13  0.17521E-13  0.86504E-14  0.90951E+00  0.23815E-13
  0.22798E+01  0.12056E+01  0.50008E+00  0.41479E+00  0.15943E+01  0.85522E-01  0.50357E-03  0.25738E-24  0.30657E-25  0.13674E-13  0.17624E-13  0.86571E-14  0.91284E+00  0.23928E-13
  0.22698E+01  0.12083E+01  0.50189E+00  0.41536E+00  0.15942E+01  0.85760E-01  0.50094E-03  0.25925E-24  0.30964E-25  0.13734E-13  0.17729E-13  0.86639E-14  0.91623E+00  0.24042E-13
  0.22598E+01  0.12111E+01  0.50371E+00  0.41593E+00  0.15942E+01  0.85999E-01  0.49827E-03  0.26114E-24  0.31276E-25  0.13795E-13  0.17834E-13  0.86708E-14  0.91969E+00  0.24157E-13
  0.22498E+01  0.12138E+01  0.50555E+00  0.41650E+00  0.15942E+01  0.86240E-01  0.49555E-03  0.26306E-24  0.31592E-25  0.13857E-13  0.17940E-13  0.86776E-14  0.92323E+00  0.24273E-13
  0.22398E+01  0.12166E+01  0.50740E+00  0.41708E+00  0.15941E+01  0.86483E-01  0.49279E-03  0.26499E-24  0.31913E-25  0.13918E-13  0.18047E-13  0.86846E-14  0.92684E+00  0.24390E-13
  0.22298E+01  0.12193E+01  0.50927E+00  0.41766E+00  0.15941E+01  0.86728E-01  0.48997E-03  0.26696E-24  0.32239E-25  0.13981E-13  0.18156E-13  0.86915E-14  0.93052E+00  0.24508E-13
  0.22198E+01  0.12221E+01  0.51115E+00  0.41824E+00  0.15940E+01  0.86975E-01  0.48711E-03  0.26894E-24  0.32570E-25  0.14044E-13  0.18265E-13  0.86985E-14  0.93429E+00  0.24627E-13
  0.22098E+01  0.12250E+01  0.51304E+00  0.41883E+00  0.15940E+01  0.87224E-01  0.48421E-03  0.27096E-24  0.32906E-25  0.14107E-13  0.18375E-13  0.87056E-14  0.93815E+00  0.24748E-13
  0.21998E+01  0.12278E+01  0.51496E+00  0.41942E+00  0.15940E+01  0.87475E-01  0.48125E-03  0.27299E-24  0.33247E-25  0.14171E-13  0.18487E-13  0.87127E-14  0.94209E+00  0.24870E-13
  0.21898E+01  0.12306E+01  0.51688E+00  0.42002E+00  0.15939E+01  0.87728E-01  0.47824E-03  0.27506E-24  0.33593E-25  0.14236E-13  0.18599E-13  0.87198E-14  0.94613E+00  0.24993E-13
  0.21798E+01  0.12335E+01  0.51883E+00  0.42061E+00  0.15939E+01  0.87983E-01  0.47518E-03  0.27715E-24  0.33945E-25  0.14302E-13  0.18713E-13  0.87270E-14  0.95027E+00  0.25117E-13
  0.21698E+01  0.12364E+01  0.52079E+00  0.42122E+00  0.15939E+01  0.88240E-01  0.47206E-03  0.27926E-24  0.34302E-25  0.14367E-13  0.18827E-13  0.87342E-14  0.95451E+00  0.25242E-13
  0.21598E+01  0.12393E+01  0.52276E+00  0.42183E+00  0.15938E+01  0.88499E-01  0.46890E-03  0.28140E-24  0.34665E-25  0.14434E-13  0.18943E-13  0.87415E-14  0.95886E+00  0.25369E-13
  0.21498E+01  0.12422E+01  0.52476E+00  0.42244E+00  0.15938E+01  0.88761E-01  0.46567E-03  0.28357E-24  0.35034E-25  0.14501E-13  0.19060E-13  0.87488E-14  0.96332E+00  0.25497E-13
  0.21398E+01  0.12452E+01  0.52677E+00  0.42305E+00  0.15938E+01  0.89024E-01  0.46239E-03  0.28577E-24  0.35408E-25  0.14569E-13  0.19178E-13  0.87562E-14  0.96791E+00  0.25626E-13
  0.21298E+01  0.12481E+01  0.52879E+00  0.42367E+00  0.15937E+01  0.89290E-01  0.45906E-03  0.28800E-24  0.35789E-25  0.14637E-13  0.19297E-13  0.87636E-14  0.97262E+00  0.25757E-13
  0.21198E+01  0.12511E+01  0.53084E+00  0.42429E+00  0.15937E+01  0.89557E-01  0.45566E-03  0.29026E-24  0.36176E-25  0.14706E-13  0.19417E-13  0.87710E-14  0.97746E+00  0.25889E-13
  0.21098E+01  0.12541E+01  0.53290E+00  0.42492E+00  0.15937E+01  0.89827E-01  0.45221E-03  0.29254E-24  0.36568E-25  0.14776E-13  0.19539E-13  0.87785E-14  0.98244E+00  0.26022E-13
  0.20998E+01  0.12571E+01  0.53498E+00  0.42555E+00  0.15936E+01  0.90100E-01  0.44869E-03  0.29486E-24  0.36968E-25  0.14846E-13  0.19662E-13  0.87860E-14  0.98757E+00  0.26157E-13
  0.20898E+01  0.12602E+01  0.53707E+00  0.42619E+00  0.15936E+01  0.90374E-01  0.44512E-03  0.29720E-24  0.37373E-25  0.14917E-13  0.19786E-13  0.87936E-14  0.99286E+00  0.26293E-13
  0.20798E+01  0.12632E+01  0.53919E+00  0.42683E+00  0.15935E+01  0.90651E-01  0.44148E-03  0.29958E-24  0.37786E-25  0.14989E-13  0.19911E-13  0.88012E-14  0.99831E+00  0.26431E-13
  0.20698E+01  0.12663E+01  0.54132E+00  0.42748E+00  0.15935E+01  0.90930E-01  0.43777E-03  0.30199E-24  0.38205E-25  0.15062E-13  0.20038E-13  0.88089E-14  0.10039E+01  0.26570E-13
