  0.39000E+01  0.89566E+00  0.32556E+00  0.36348E+00  0.16000E+01  0.65409E-01  0.65000E-03  0.10391E-24  0.95040E-26  0.79933E-13  0.79933E-13  0.79933E-13  0.61971E+00  0.13845E-12
  0.38999E+01  0.89606E+00  0.32570E+00  0.36348E+00  0.16000E+01  0.65409E-01  0.65000E-03  0.10391E-24  0.95047E-26  0.79935E-13  0.79938E-13  0.79935E-13  0.66956E+00  0.13845E-12
  0.38998E+01  0.89605E+00  0.32570E+00  0.36349E+00  0.16000E+01  0.65412E-01  0.65000E-03  0.10392E-24  0.95055E-26  0.79937E-13  0.79944E-13  0.79937E-13  0.66957E+00  0.13846E-12
  0.38898E+01  0.89640E+00  0.32611E+00  0.36380E+00  0.16004E+01  0.65524E-01  0.65001E-03  0.10442E-24  0.95671E-26  0.80143E-13  0.80384E-13  0.80037E-13  0.67054E+00  0.13889E-12
  0.38798E+01  0.89749E+00  0.32675E+00  0.36407E+00  0.16008E+01  0.65622E-01  0.64988E-03  0.10486E-24  0.96219E-26  0.80349E-13  0.80770E-13  0.80085E-13  0.67151E+00  0.13926E-12
  0.38698E+01  0.89859E+00  0.32739E+00  0.36434E+00  0.16012E+01  0.65721E-01  0.64974E-03  0.10530E-24  0.96772E-26  0.80557E-13  0.81159E-13  0.80134E-13  0.67248E+00  0.13963E-12
  0.38598E+01  0.89969E+00  0.32804E+00  0.36461E+00  0.16016E+01  0.65821E-01  0.64961E-03  0.10575E-24  0.97330E-26  0.80766E-13  0.81549E-13  0.80182E-13  0.67345E+00  0.14001E-12
  0.38498E+01  0.90080E+00  0.32869E+00  0.36488E+00  0.16019E+01  0.65921E-01  0.64947E-03  0.10620E-24  0.97893E-26  0.80975E-13  0.81942E-13  0.80232E-13  0.67443E+00  0.14039E-12
  0.38398E+01  0.90190E+00  0.32934E+00  0.36516E+00  0.16023E+01  0.66021E-01  0.64932E-03  0.10666E-24  0.98461E-26  0.81186E-13  0.82338E-13  0.80281E-13  0.67541E+00  0.14077E-12
  0.38298E+01  0.90302E+00  0.32999E+00  0.36543E+00  0.16027E+01  0.66122E-01  0.64917E-03  0.10712E-24  0.99034E-26  0.81398E-13  0.82735E-13  0.80331E-13  0.67639E+00  0.14115E-12
  0.38198E+01  0.90413E+00  0.33065E+00  0.36571E+00  0.16031E+01  0.66223E-01  0.64902E-03  0.10758E-24  0.99612E-26  0.81611E-13  0.83135E-13  0.80381E-13  0.67738E+00  0.14154E-12
  0.38098E+01  0.90524E+00  0.33131E+00  0.36599E+00  0.16034E+01  0.66325E-01  0.64886E-03  0.10805E-24  0.10020E-25  0.81826E-13  0.83536E-13  0.80431E-13  0.67837E+00  0.14193E-12
  0.37998E+01  0.90636E+00  0.33197E+00  0.36627E+00  0.16038E+01  0.66428E-01  0.64870E-03  0.10852E-24  0.10078E-25  0.82041E-13  0.83940E-13  0.80482E-13  0.67937E+00  0.14232E-12
  0.37898E+01  0.90748E+00  0.33264E+00  0.36655E+00  0.16042E+01  0.66531E-01  0.64853E-03  0.10899E-24  0.10138E-25  0.82257E-13  0.84346E-13  0.80533E-13  0.68037E+00  0.14271E-12
  0.37798E+01  0.90861E+00  0.33331E+00  0.36683E+00  0.16045E+01  0.66634E-01  0.64836E-03  0.10947E-24  0.10198E-25  0.82475E-13  0.84755E-13  0.80584E-13  0.68137E+00  0.14311E-12
  0.37698E+01  0.90974E+00  0.33398E+00  0.36711E+00  0.16049E+01  0.66738E-01  0.64818E-03  0.10994E-24  0.10258E-25  0.82694E-13  0.85166E-13  0.80635E-13  0.68238E+00  0.14350E-12
  0.37598E+01  0.91087E+00  0.33465E+00  0.36740E+00  0.16053E+01  0.66842E-01  0.64800E-03  0.11043E-24  0.10319E-25  0.82914E-13  0.85578E-13  0.80687E-13  0.68339E+00  0.14391E-12
  0.37498E+01  0.91200E+00  0.33533E+00  0.36768E+00  0.16056E+01  0.66947E-01  0.64781E-03  0.11092E-24  0.10381E-25  0.83135E-13  0.85994E-13  0.80739E-13  0.68441E+00  0.14431E-12
  0.37398E+01  0.91314E+00  0.33600E+00  0.36797E+00  0.16060E+01  0.67052E-01  0.64762E-03  0.11141E-24  0.10443E-25  0.83357E-13  0.86411E-13  0.80791E-13  0.68543E+00  0.14472E-12
  0.37298E+01  0.91428E+00  0.33669E+00  0.36825E+00  0.16064E+01  0.67158E-01  0.64742E-03  0.11190E-24  0.10506E-25  0.83581E-13  0.86831E-13  0.80844E-13  0.68646E+00  0.14512E-12
  0.37198E+01  0.91542E+00  0.33737E+00  0.36854E+00  0.16067E+01  0.67264E-01  0.64722E-03  0.11240E-24  0.10569E-25  0.83805E-13  0.87253E-13  0.80896E-13  0.68749E+00  0.14554E-12
  0.37098E+01  0.91657E+00  0.33806E+00  0.36883E+00  0.16071E+01  0.67371E-01  0.64701E-03  0.11290E-24  0.10633E-25  0.84031E-13  0.87677E-13  0.80949E-13  0.68853E+00  0.14595E-12
  0.36998E+01  0.91772E+00  0.33875E+00  0.36912E+00  0.16074E+01  0.67479E-01  0.64680E-03  0.11341E-24  0.10697E-25  0.84258E-13  0.88104E-13  0.81003E-13  0.68957E+00  0.14637E-12
  0.36898E+01  0.91887E+00  0.33944E+00  0.36941E+00  0.16078E+01  0.67586E-01  0.64658E-03  0.11392E-24  0.10762E-25  0.84487E-13  0.88534E-13  0.81056E-13  0.69061E+00  0.14679E-12
  0.36798E+01  0.92002E+00  0.34014E+00  0.36971E+00  0.16081E+01  0.67695E-01  0.64636E-03  0.11443E-24  0.10828E-25  0.84716E-13  0.88965E-13  0.81110E-13  0.69166E+00  0.14721E-12
  0.36698E+01  0.92118E+00  0.34084E+00  0.37000E+00  0.16085E+01  0.67804E-01  0.64613E-03  0.11495E-24  0.10894E-25  0.84947E-13  0.89399E-13  0.81164E-13  0.69271E+00  0.14763E-12
  0.36598E+01  0.92235E+00  0.34154E+00  0.37029E+00  0.16088E+01  0.67913E-01  0.64589E-03  0.11547E-24  0.10961E-25  0.85179E-13  0.89836E-13  0.81219E-13  0.69377E+00  0.14806E-12
  0.36498E+01  0.92351E+00  0.34224E+00  0.37059E+00  0.16092E+01  0.68023E-01  0.64565E-03  0.11599E-24  0.11029E-25  0.85413E-13  0.90275E-13  0.81273E-13  0.69483E+00  0.14849E-12
  0.36398E+01  0.92468E+00  0.34295E+00  0.37089E+00  0.16095E+01  0.68133E-01  0.64540E-03  0.11652E-24  0.11097E-25  0.85647E-13  0.90717E-13  0.81328E-13  0.69590E+00  0.14893E-12
  0.36298E+01  0.92585E+00  0.34366E+00  0.37119E+00  0.16099E+01  0.68244E-01  0.64515E-03  0.11706E-24  0.11165E-25  0.85883E-13  0.91161E-13  0.81384E-13  0.69698E+00  0.14936E-12
  0.36198E+01  0.92703E+00  0.34438E+00  0.37149E+00  0.16102E+01  0.68356E-01  0.64489E-03  0.11759E-24  0.11235E-25  0.86121E-13  0.91607E-13  0.81439E-13  0.69805E+00  0.14980E-12
  0.36098E+01  0.92821E+00  0.34509E+00  0.37179E+00  0.16106E+01  0.68468E-01  0.64463E-03  0.11813E-24  0.11305E-25  0.86359E-13  0.92057E-13  0.81495E-13  0.69914E+00  0.15025E-12
  0.35998E+01  0.92939E+00  0.34581E+00  0.37209E+00  0.16109E+01  0.68581E-01  0.64435E-03  0.11868E-24  0.11376E-25  0.86599E-13  0.92509E-13  0.81551E-13  0.70022E+00  0.15069E-12
  0.35898E+01  0.93057E+00  0.34654E+00  0.37239E+00  0.16113E+01  0.68694E-01  0.64408E-03  0.11923E-24  0.11447E-25  0.86840E-13  0.92963E-13  0.81608E-13  0.70132E+00  0.15114E-12
  0.35798E+01  0.93176E+00  0.34726E+00  0.37270E+00  0.16116E+01  0.68807E-01  0.64379E-03  0.11979E-24  0.11519E-25  0.87083E-13  0.93420E-13  0.81664E-13  0.70242E+00  0.15159E-12
  0.35698E+01  0.93296E+00  0.34799E+00  0.37300E+00  0.16119E+01  0.68922E-01  0.64350E-03  0.12034E-24  0.11592E-25  0.87327E-13  0.93880E-13  0.81721E-13  0.70352E+00  0.15205E-12
  0.35598E+01  0.93415E+00  0.34873E+00  0.37331E+00  0.16123E+01  0.69037E-01  0.64321E-03  0.12091E-24  0.11665E-25  0.87572E-13  0.94342E-13  0.81779E-13  0.70463E+00  0.15250E-12
  0.35498E+01  0.93535E+00  0.34946E+00  0.37362E+00  0.16126E+01  0.69152E-01  0.64290E-03  0.12148E-24  0.11739E-25  0.87819E-13  0.94808E-13  0.81836E-13  0.70574E+00  0.15296E-12
  0.35398E+01  0.93655E+00  0.35020E+00  0.37393E+00  0.16129E+01  0.69268E-01  0.64259E-03  0.12205E-24  0.11814E-25  0.88067E-13  0.95276E-13  0.81894E-13  0.70686E+00  0.15343E-12
  0.35298E+01  0.93776E+00  0.35095E+00  0.37424E+00  0.16133E+01  0.69385E-01  0.64228E-03  0.12262E-24  0.11890E-25  0.88316E-13  0.95747E-13  0.81952E-13  0.70799E+00  0.15389E-12
  0.35198E+01  0.93897E+00  0.35169E+00  0.37455E+00  0.16136E+01  0.69502E-01  0.64196E-03  0.12321E-24  0.11966E-25  0.88567E-13  0.96220E-13  0.82011E-13  0.70912E+00  0.15436E-12
  0.35098E+01  0.94018E+00  0.35244E+00  0.37486E+00  0.16139E+01  0.69619E-01  0.64163E-03  0.12379E-24  0.12043E-25  0.88820E-13  0.96697E-13  0.82070E-13  0.71025E+00  0.15484E-12
  0.34998E+01  0.94140E+00  0.35319E+00  0.37518E+00  0.16143E+01  0.69738E-01  0.64129E-03  0.12438E-24  0.12121E-25  0.89073E-13  0.97176E-13  0.82129E-13  0.71140E+00  0.15531E-12
  0.34898E+01  0.94262E+00  0.35395E+00  0.37549E+00  0.16146E+01  0.69857E-01  0.64094E-03  0.12498E-24  0.12199E-25  0.89329E-13  0.97658E-13  0.82188E-13  0.71254E+00  0.15579E-12
  0.34798E+01  0.94385E+00  0.35471E+00  0.37581E+00  0.16149E+01  0.69976E-01  0.64059E-03  0.12558E-24  0.12279E-25  0.89585E-13  0.98143E-13  0.82248E-13  0.71370E+00  0.15628E-12
  0.34698E+01  0.94508E+00  0.35547E+00  0.37613E+00  0.16152E+01  0.70096E-01  0.64023E-03  0.12618E-24  0.12359E-25  0.89844E-13  0.98631E-13  0.82308E-13  0.71486E+00  0.15676E-12
  0.34598E+01  0.94631E+00  0.35624E+00  0.37645E+00  0.16156E+01  0.70217E-01  0.63987E-03  0.12679E-24  0.12440E-25  0.90103E-13  0.99122E-13  0.82368E-13  0.71602E+00  0.15725E-12
  0.34498E+01  0.94754E+00  0.35701E+00  0.37677E+00  0.16159E+01  0.70338E-01  0.63949E-03  0.12741E-24  0.12521E-25  0.90364E-13  0.99616E-13  0.82429E-13  0.71720E+00  0.15775E-12
  0.34398E+01  0.94878E+00  0.35778E+00  0.37709E+00  0.16162E+01  0.70460E-01  0.63911E-03  0.12803E-24  0.12604E-25  0.90627E-13  0.10011E-12  0.82490E-13  0.71837E+00  0.15824E-12
  0.34298E+01  0.95003E+00  0.35856E+00  0.37742E+00  0.16165E+01  0.70583E-01  0.63872E-03  0.12865E-24  0.12687E-25  0.90891E-13  0.10061E-12  0.82551E-13  0.71956E+00  0.15874E-12
  0.34198E+01  0.95127E+00  0.35934E+00  0.37774E+00  0.16168E+01  0.70706E-01  0.63833E-03  0.12929E-24  0.12771E-25  0.91157E-13  0.10112E-12  0.82613E-13  0.72075E+00  0.15925E-12
  0.34098E+01  0.95252E+00  0.36012E+00  0.37807E+00  0.16171E+01  0.70830E-01  0.63792E-03  0.12992E-24  0.12856E-25  0.91425E-13  0.10162E-12  0.82675E-13  0.72194E+00  0.15975E-12
  0.33998E+01  0.95378E+00  0.36091E+00  0.37840E+00  0.16175E+01  0.70955E-01  0.63751E-03  0.13056E-24  0.12942E-25  0.91693E-13  0.10213E-12  0.82737E-13  0.72315E+00  0.16026E-12
  0.33898E+01  0.95504E+00  0.36170E+00  0.37873E+00  0.16178E+01  0.71080E-01  0.63709E-03  0.13121E-24  0.13029E-25  0.91964E-13  0.10264E-12  0.82800E-13  0.72436E+00  0.16078E-12
  0.33798E+01  0.95630E+00  0.36249E+00  0.37906E+00  0.16181E+01  0.71206E-01  0.63666E-03  0.13186E-24  0.13117E-25  0.92236E-13  0.10316E-12  0.82863E-13  0.72557E+00  0.16129E-12
  0.33698E+01  0.95757E+00  0.36329E+00  0.37939E+00  0.16184E+01  0.71332E-01  0.63622E-03  0.13252E-24  0.13205E-25  0.92510E-13  0.10368E-12  0.82926E-13  0.72680E+00  0.16182E-12
  0.33598E+01  0.95884E+00  0.36409E+00  0.37972E+00  0.16187E+01  0.71459E-01  0.63577E-03  0.13318E-24  0.13294E-25  0.92785E-13  0.10420E-12  0.82989E-13  0.72803E+00  0.16234E-12
  0.33498E+01  0.96011E+00  0.36490E+00  0.38006E+00  0.16190E+01  0.71587E-01  0.63532E-03  0.13385E-24  0.13385E-25  0.93062E-13  0.10473E-12  0.83053E-13  0.72926E+00  0.16287E-12
  0.33398E+01  0.96139E+00  0.36571E+00  0.38040E+00  0.16193E+01  0.71715E-01  0.63486E-03  0.13452E-24  0.13476E-25  0.93341E-13  0.10526E-12  0.83118E-13  0.73051E+00  0.16340E-12
  0.33298E+01  0.96267E+00  0.36652E+00  0.38073E+00  0.16196E+01  0.71845E-01  0.63438E-03  0.13520E-24  0.13568E-25  0.93621E-13  0.10579E-12  0.83182E-13  0.73176E+00  0.16394E-12
  0.33198E+01  0.96396E+00  0.36734E+00  0.38107E+00  0.16199E+01  0.71974E-01  0.63390E-03  0.13588E-24  0.13661E-25  0.93903E-13  0.10633E-12  0.83247E-13  0.73301E+00  0.16448E-12
  0.33098E+01  0.96525E+00  0.36816E+00  0.38141E+00  0.16202E+01  0.72105E-01  0.63341E-03  0.13658E-24  0.13755E-25  0.94187E-13  0.10686E-12  0.83312E-13  0.73428E+00  0.16502E-12
  0.32998E+01  0.96654E+00  0.36898E+00  0.38176E+00  0.16205E+01  0.72236E-01  0.63291E-03  0.13727E-24  0.13850E-25  0.94472E-13  0.10741E-12  0.83378E-13  0.73555E+00  0.16557E-12
  0.32898E+01  0.96784E+00  0.36981E+00  0.38210E+00  0.16208E+01  0.72368E-01  0.63240E-03  0.13798E-24  0.13946E-25  0.94759E-13  0.10795E-12  0.83444E-13  0.73683E+00  0.16612E-12
  0.32798E+01  0.96915E+00  0.37065E+00  0.38245E+00  0.16211E+01  0.72501E-01  0.63188E-03  0.13868E-24  0.14043E-25  0.95048E-13  0.10850E-12  0.83510E-13  0.73812E+00  0.16668E-12
  0.32698E+01  0.97045E+00  0.37148E+00  0.38279E+00  0.16214E+01  0.72634E-01  0.63136E-03  0.13940E-24  0.14141E-25  0.95339E-13  0.10906E-12  0.83577E-13  0.73941E+00  0.16724E-12
  0.32598E+01  0.97176E+00  0.37232E+00  0.38314E+00  0.16217E+01  0.72768E-01  0.63082E-03  0.14012E-24  0.14240E-25  0.95631E-13  0.10961E-12  0.83644E-13  0.74072E+00  0.16780E-12
  0.32498E+01  0.97308E+00  0.37317E+00  0.38349E+00  0.16220E+01  0.72903E-01  0.63027E-03  0.14085E-24  0.14340E-25  0.95926E-13  0.11017E-12  0.83712E-13  0.74203E+00  0.16837E-12
  0.32398E+01  0.97440E+00  0.37402E+00  0.38384E+00  0.16223E+01  0.73038E-01  0.62971E-03  0.14158E-24  0.14442E-25  0.96222E-13  0.11074E-12  0.83779E-13  0.74335E+00  0.16894E-12
  0.32298E+01  0.97572E+00  0.37487E+00  0.38420E+00  0.16226E+01  0.73174E-01  0.62914E-03  0.14232E-24  0.14544E-25  0.96520E-13  0.11131E-12  0.83847E-13  0.74467E+00  0.16952E-12
  0.32198E+01  0.97705E+00  0.37573E+00  0.38455E+00  0.16229E+01  0.73311E-01  0.62857E-03  0.14307E-24  0.14647E-25  0.96819E-13  0.11188E-12  0.83916E-13  0.74601E+00  0.17010E-12
  0.32098E+01  0.97839E+00  0.37659E+00  0.38491E+00  0.16231E+01  0.73449E-01  0.62798E-03  0.14382E-24  0.14752E-25  0.97121E-13  0.11245E-12  0.83985E-13  0.74735E+00  0.17068E-12
  0.31998E+01  0.97972E+00  0.37745E+00  0.38527E+00  0.16234E+01  0.73588E-01  0.62738E-03  0.14458E-24  0.14857E-25  0.97425E-13  0.11303E-12  0.84054E-13  0.74870E+00  0.17127E-12
  0.31898E+01  0.98107E+00  0.37832E+00  0.38563E+00  0.16237E+01  0.73727E-01  0.62677E-03  0.14535E-24  0.14964E-25  0.97730E-13  0.11362E-12  0.84124E-13  0.75006E+00  0.17186E-12
  0.31798E+01  0.98241E+00  0.37920E+00  0.38599E+00  0.16240E+01  0.73867E-01  0.62614E-03  0.14612E-24  0.15072E-25  0.98037E-13  0.11421E-12  0.84194E-13  0.75143E+00  0.17246E-12
  0.31698E+01  0.98376E+00  0.38008E+00  0.38635E+00  0.16243E+01  0.74008E-01  0.62551E-03  0.14690E-24  0.15181E-25  0.98347E-13  0.11480E-12  0.84264E-13  0.75281E+00  0.17306E-12
  0.31598E+01  0.98512E+00  0.38096E+00  0.38671E+00  0.16245E+01  0.74149E-01  0.62487E-03  0.14769E-24  0.15291E-25  0.98658E-13  0.11539E-12  0.84335E-13  0.75419E+00  0.17367E-12
  0.31498E+01  0.98648E+00  0.38185E+00  0.38708E+00  0.16248E+01  0.74291E-01  0.62421E-03  0.14848E-24  0.15402E-25  0.98971E-13  0.11599E-12  0.84406E-13  0.75559E+00  0.17428E-12
  0.31398E+01  0.98785E+00  0.38274E+00  0.38745E+00  0.16251E+01  0.74435E-01  0.62355E-03  0.14928E-24  0.15515E-25  0.99286E-13  0.11660E-12  0.84477E-13  0.75699E+00  0.17490E-12
  0.31298E+01  0.98921E+00  0.38364E+00  0.38782E+00  0.16254E+01  0.74579E-01  0.62287E-03  0.15009E-24  0.15629E-25  0.99604E-13  0.11720E-12  0.84549E-13  0.75841E+00  0.17552E-12
  0.31198E+01  0.99059E+00  0.38454E+00  0.38819E+00  0.16257E+01  0.74723E-01  0.62218E-03  0.15091E-24  0.15744E-25  0.99923E-13  0.11781E-12  0.84622E-13  0.75983E+00  0.17614E-12
  0.31098E+01  0.99197E+00  0.38544E+00  0.38856E+00  0.16259E+01  0.74869E-01  0.62147E-03  0.15173E-24  0.15860E-25  0.10024E-12  0.11843E-12  0.84694E-13  0.76126E+00  0.17677E-12
  0.30998E+01  0.99335E+00  0.38635E+00  0.38894E+00  0.16262E+01  0.75015E-01  0.62076E-03  0.15256E-24  0.15978E-25  0.10057E-12  0.11905E-12  0.84767E-13  0.76270E+00  0.17741E-12
  0.30898E+01  0.99474E+00  0.38727E+00  0.38931E+00  0.16265E+01  0.75162E-01  0.62003E-03  0.15340E-24  0.16096E-25  0.10089E-12  0.11968E-12  0.84841E-13  0.76415E+00  0.17804E-12
  0.30798E+01  0.99613E+00  0.38819E+00  0.38969E+00  0.16267E+01  0.75311E-01  0.61929E-03  0.15425E-24  0.16217E-25  0.10122E-12  0.12031E-12  0.84915E-13  0.76562E+00  0.17869E-12
  0.30698E+01  0.99753E+00  0.38911E+00  0.39007E+00  0.16270E+01  0.75459E-01  0.61854E-03  0.15510E-24  0.16338E-25  0.10155E-12  0.12094E-12  0.84989E-13  0.76709E+00  0.17934E-12
  0.30598E+01  0.99894E+00  0.39004E+00  0.39045E+00  0.16273E+01  0.75609E-01  0.61777E-03  0.15596E-24  0.16461E-25  0.10188E-12  0.12158E-12  0.85064E-13  0.76857E+00  0.17999E-12
  0.30498E+01  0.10003E+01  0.39097E+00  0.39084E+00  0.16275E+01  0.75760E-01  0.61699E-03  0.15683E-24  0.16586E-25  0.10222E-12  0.12222E-12  0.85139E-13  0.77006E+00  0.18065E-12
  0.30398E+01  0.10018E+01  0.39191E+00  0.39122E+00  0.16278E+01  0.75911E-01  0.61620E-03  0.15771E-24  0.16711E-25  0.10255E-12  0.12287E-12  0.85214E-13  0.77157E+00  0.18131E-12
  0.30298E+01  0.10032E+01  0.39285E+00  0.39161E+00  0.16281E+01  0.76064E-01  0.61539E-03  0.15860E-24  0.16839E-25  0.10289E-12  0.12352E-12  0.85290E-13  0.77308E+00  0.18198E-12
  0.30198E+01  0.10046E+01  0.39380E+00  0.39200E+00  0.16283E+01  0.76217E-01  0.61457E-03  0.15949E-24  0.16967E-25  0.10323E-12  0.12418E-12  0.85366E-13  0.77461E+00  0.18266E-12
  0.30098E+01  0.10060E+01  0.39476E+00  0.39239E+00  0.16286E+01  0.76371E-01  0.61374E-03  0.16040E-24  0.17097E-25  0.10357E-12  0.12484E-12  0.85443E-13  0.77615E+00  0.18334E-12
  0.29998E+01  0.10075E+01  0.39571E+00  0.39278E+00  0.16288E+01  0.76526E-01  0.61289E-03  0.16131E-24  0.17229E-25  0.10392E-12  0.12550E-12  0.85520E-13  0.77769E+00  0.18402E-12
  0.29898E+01  0.10089E+01  0.39668E+00  0.39318E+00  0.16291E+01  0.76682E-01  0.61203E-03  0.16223E-24  0.17362E-25  0.10427E-12  0.12617E-12  0.85598E-13  0.77925E+00  0.18471E-12
  0.29798E+01  0.10103E+01  0.39765E+00  0.39357E+00  0.16293E+01  0.76839E-01  0.61115E-03  0.16316E-24  0.17497E-25  0.10462E-12  0.12685E-12  0.85676E-13  0.78082E+00  0.18541E-12
  0.29698E+01  0.10118E+01  0.39862E+00  0.39397E+00  0.16296E+01  0.76997E-01  0.61026E-03  0.16409E-24  0.17633E-25  0.10497E-12  0.12753E-12  0.85755E-13  0.78241E+00  0.18611E-12
  0.29598E+01  0.10133E+01  0.39960E+00  0.39437E+00  0.16298E+01  0.77156E-01  0.60935E-03  0.16504E-24  0.17771E-25  0.10532E-12  0.12822E-12  0.85833E-13  0.78400E+00  0.18681E-12
  0.29498E+01  0.10147E+01  0.40058E+00  0.39478E+00  0.16301E+01  0.77315E-01  0.60842E-03  0.16600E-24  0.17910E-25  0.10568E-12  0.12891E-12  0.85913E-13  0.78561E+00  0.18753E-12
  0.29398E+01  0.10162E+01  0.40157E+00  0.39518E+00  0.16303E+01  0.77476E-01  0.60749E-03  0.16696E-24  0.18051E-25  0.10604E-12  0.12960E-12  0.85993E-13  0.78723E+00  0.18824E-12
  0.29298E+01  0.10176E+01  0.40257E+00  0.39559E+00  0.16306E+01  0.77638E-01  0.60653E-03  0.16794E-24  0.18194E-25  0.10640E-12  0.13030E-12  0.86073E-13  0.78886E+00  0.18897E-12
  0.29198E+01  0.10191E+01  0.40357E+00  0.39599E+00  0.16308E+01  0.77800E-01  0.60556E-03  0.16892E-24  0.18338E-25  0.10677E-12  0.13101E-12  0.86154E-13  0.79051E+00  0.18970E-12
  0.29098E+01  0.10206E+01  0.40457E+00  0.39640E+00  0.16311E+01  0.77964E-01  0.60457E-03  0.16991E-24  0.18484E-25  0.10713E-12  0.13172E-12  0.86235E-13  0.79217E+00  0.19043E-12
  0.28998E+01  0.10221E+01  0.40558E+00  0.39682E+00  0.16313E+01  0.78128E-01  0.60357E-03  0.17091E-24  0.18632E-25  0.10750E-12  0.13244E-12  0.86316E-13  0.79384E+00  0.19117E-12
  0.28898E+01  0.10236E+01  0.40660E+00  0.39723E+00  0.16316E+01  0.78294E-01  0.60255E-03  0.17193E-24  0.18782E-25  0.10788E-12  0.13316E-12  0.86398E-13  0.79553E+00  0.19192E-12
  0.28798E+01  0.10251E+01  0.40762E+00  0.39765E+00  0.16318E+01  0.78460E-01  0.60151E-03  0.17295E-24  0.18933E-25  0.10825E-12  0.13389E-12  0.86481E-13  0.79723E+00  0.19267E-12
  0.28698E+01  0.10266E+01  0.40865E+00  0.39807E+00  0.16321E+01  0.78628E-01  0.60046E-03  0.17398E-24  0.19086E-25  0.10863E-12  0.13462E-12  0.86564E-13  0.79894E+00  0.19343E-12
  0.28598E+01  0.10281E+01  0.40969E+00  0.39849E+00  0.16323E+01  0.78796E-01  0.59939E-03  0.17503E-24  0.19241E-25  0.10901E-12  0.13536E-12  0.86647E-13  0.80067E+00  0.19420E-12
  0.28498E+01  0.10296E+01  0.41073E+00  0.39891E+00  0.16325E+01  0.78966E-01  0.59830E-03  0.17608E-24  0.19398E-25  0.10939E-12  0.13610E-12  0.86731E-13  0.80241E+00  0.19497E-12
  0.28398E+01  0.10311E+01  0.41177E+00  0.39933E+00  0.16328E+01  0.79137E-01  0.59719E-03  0.17714E-24  0.19557E-25  0.10978E-12  0.13685E-12  0.86815E-13  0.80417E+00  0.19575E-12
  0.28298E+01  0.10327E+01  0.41282E+00  0.39976E+00  0.16330E+01  0.79308E-01  0.59606E-03  0.17822E-24  0.19718E-25  0.11016E-12  0.13761E-12  0.86900E-13  0.80594E+00  0.19653E-12
  0.28198E+01  0.10342E+01  0.41388E+00  0.40019E+00  0.16332E+01  0.79481E-01  0.59492E-03  0.17930E-24  0.19880E-25  0.11055E-12  0.13837E-12  0.86986E-13  0.80773E+00  0.19732E-12
  0.28098E+01  0.10358E+01  0.41494E+00  0.40062E+00  0.16335E+01  0.79655E-01  0.59375E-03  0.18040E-24  0.20045E-25  0.11095E-12  0.13914E-12  0.87071E-13  0.80954E+00  0.19812E-12
  0.27998E+01  0.10373E+01  0.41601E+00  0.40106E+00  0.16337E+01  0.79830E-01  0.59257E-03  0.18151E-24  0.20212E-25  0.11134E-12  0.13991E-12  0.87158E-13  0.81136E+00  0.19892E-12
  0.27898E+01  0.10389E+01  0.41709E+00  0.40149E+00  0.16339E+01  0.80006E-01  0.59137E-03  0.18263E-24  0.20381E-25  0.11174E-12  0.14069E-12  0.87245E-13  0.81320E+00  0.19973E-12
  0.27798E+01  0.10404E+01  0.41817E+00  0.40193E+00  0.16341E+01  0.80183E-01  0.59014E-03  0.18376E-24  0.20551E-25  0.11214E-12  0.14148E-12  0.87332E-13  0.81505E+00  0.20055E-12
  0.27698E+01  0.10420E+01  0.41926E+00  0.40237E+00  0.16344E+01  0.80362E-01  0.58890E-03  0.18490E-24  0.20724E-25  0.11255E-12  0.14227E-12  0.87420E-13  0.81692E+00  0.20137E-12
  0.27598E+01  0.10436E+01  0.42036E+00  0.40281E+00  0.16346E+01  0.80541E-01  0.58764E-03  0.18605E-24  0.20900E-25  0.11296E-12  0.14307E-12  0.87508E-13  0.81881E+00  0.20220E-12
  0.27498E+01  0.10451E+01  0.42146E+00  0.40326E+00  0.16348E+01  0.80722E-01  0.58635E-03  0.18722E-24  0.21077E-25  0.11337E-12  0.14387E-12  0.87597E-13  0.82072E+00  0.20304E-12
  0.27398E+01  0.10467E+01  0.42256E+00  0.40370E+00  0.16350E+01  0.80903E-01  0.58505E-03  0.18839E-24  0.21257E-25  0.11378E-12  0.14468E-12  0.87686E-13  0.82264E+00  0.20388E-12
  0.27298E+01  0.10483E+01  0.42368E+00  0.40415E+00  0.16353E+01  0.81086E-01  0.58372E-03  0.18958E-24  0.21439E-25  0.11420E-12  0.14550E-12  0.87776E-13  0.82458E+00  0.20474E-12
  0.27198E+01  0.10499E+01  0.42480E+00  0.40461E+00  0.16355E+01  0.81270E-01  0.58237E-03  0.19079E-24  0.21623E-25  0.11462E-12  0.14633E-12  0.87866E-13  0.82655E+00  0.20559E-12
  0.27098E+01  0.10515E+01  0.42593E+00  0.40506E+00  0.16357E+01  0.81456E-01  0.58100E-03  0.19200E-24  0.21809E-25  0.11504E-12  0.14716E-12  0.87957E-13  0.82853E+00  0.20646E-12
  0.26998E+01  0.10531E+01  0.42706E+00  0.40552E+00  0.16359E+01  0.81642E-01  0.57960E-03  0.19323E-24  0.21998E-25  0.11547E-12  0.14799E-12  0.88048E-13  0.83053E+00  0.20733E-12
  0.26898E+01  0.10547E+01  0.42820E+00  0.40598E+00  0.16361E+01  0.81830E-01  0.57819E-03  0.19447E-24  0.22190E-25  0.11590E-12  0.14884E-12  0.88140E-13  0.83255E+00  0.20822E-12
  0.26798E+01  0.10564E+01  0.42935E+00  0.40644E+00  0.16364E+01  0.82019E-01  0.57675E-03  0.19572E-24  0.22383E-25  0.11633E-12  0.14969E-12  0.88232E-13  0.83459E+00  0.20910E-12
  0.26698E+01  0.10580E+01  0.43050E+00  0.40690E+00  0.16366E+01  0.82209E-01  0.57528E-03  0.19699E-24  0.22580E-25  0.11677E-12  0.15055E-12  0.88325E-13  0.83665E+00  0.21000E-12
  0.26598E+01  0.10596E+01  0.43167E+00  0.40737E+00  0.16368E+01  0.82400E-01  0.57379E-03  0.19827E-24  0.22779E-25  0.11720E-12  0.15141E-12  0.88418E-13  0.83874E+00  0.21090E-12
  0.26498E+01  0.10613E+01  0.43284E+00  0.40784E+00  0.16370E+01  0.82593E-01  0.57228E-03  0.19957E-24  0.22980E-25  0.11765E-12  0.15229E-12  0.88512E-13  0.84085E+00  0.21182E-12
  0.26398E+01  0.10630E+01  0.43401E+00  0.40831E+00  0.16372E+01  0.82787E-01  0.57074E-03  0.20087E-24  0.23184E-25  0.11809E-12  0.15317E-12  0.88607E-13  0.84298E+00  0.21274E-12
  0.26298E+01  0.10646E+01  0.43520E+00  0.40878E+00  0.16374E+01  0.82982E-01  0.56918E-03  0.20220E-24  0.23391E-25  0.11854E-12  0.15405E-12  0.88702E-13  0.84513E+00  0.21366E-12
  0.26198E+01  0.10663E+01  0.43639E+00  0.40926E+00  0.16376E+01  0.83178E-01  0.56759E-03  0.20353E-24  0.23601E-25  0.11899E-12  0.15495E-12  0.88797E-13  0.84730E+00  0.21460E-12
  0.26098E+01  0.10680E+01  0.43758E+00  0.40974E+00  0.16378E+01  0.83376E-01  0.56598E-03  0.20488E-24  0.23813E-25  0.11945E-12  0.15585E-12  0.88894E-13  0.84950E+00  0.21554E-12
  0.25998E+01  0.10696E+01  0.43879E+00  0.41022E+00  0.16380E+01  0.83575E-01  0.56434E-03  0.20625E-24  0.24028E-25  0.11991E-12  0.15676E-12  0.88990E-13  0.85173E+00  0.21650E-12
  0.25898E+01  0.10713E+01  0.44000E+00  0.41070E+00  0.16382E+01  0.83776E-01  0.56267E-03  0.20763E-24  0.24246E-25  0.12037E-12  0.15768E-12  0.89087E-13  0.85398E+00  0.21746E-12
  0.25798E+01  0.10730E+01  0.44122E+00  0.41119E+00  0.16384E+01  0.83978E-01  0.56097E-03  0.20903E-24  0.24467E-25  0.12084E-12  0.15860E-12  0.89185E-13  0.85626E+00  0.21843E-12
  0.25698E+01  0.10748E+01  0.44245E+00  0.41168E+00  0.16386E+01  0.84181E-01  0.55925E-03  0.21044E-24  0.24691E-25  0.12131E-12  0.15954E-12  0.89284E-13  0.85856E+00  0.21941E-12
  0.25598E+01  0.10765E+01  0.44369E+00  0.41217E+00  0.16388E+01  0.84386E-01  0.55750E-03  0.21187E-24  0.24918E-25  0.12178E-12  0.16048E-12  0.89383E-13  0.86089E+00  0.22039E-12
  0.25498E+01  0.10782E+01  0.44494E+00  0.41267E+00  0.16390E+01  0.84592E-01  0.55572E-03  0.21331E-24  0.25148E-25  0.12226E-12  0.16143E-12  0.89482E-13  0.86325E+00  0.22139E-12
  0.25398E+01  0.10799E+01  0.44619E+00  0.41317E+00  0.16392E+01  0.84799E-01  0.55391E-03  0.21477E-24  0.25382E-25  0.12274E-12  0.16238E-12  0.89582E-13  0.86564E+00  0.22239E-12
  0.25298E+01  0.10817E+01  0.44745E+00  0.41367E+00  0.16394E+01  0.85008E-01  0.55207E-03  0.21624E-24  0.25618E-25  0.12323E-12  0.16335E-12  0.89683E-13  0.86805E+00  0.22341E-12
  0.25198E+01  0.10834E+01  0.44872E+00  0.41417E+00  0.16396E+01  0.85218E-01  0.55020E-03  0.21774E-24  0.25858E-25  0.12372E-12  0.16432E-12  0.89784E-13  0.87050E+00  0.22443E-12
  0.25098E+01  0.10852E+01  0.45000E+00  0.41468E+00  0.16398E+01  0.85430E-01  0.54830E-03  0.21925E-24  0.26101E-25  0.12421E-12  0.16531E-12  0.89886E-13  0.87298E+00  0.22546E-12
  0.24998E+01  0.10869E+01  0.45128E+00  0.41519E+00  0.16400E+01  0.85643E-01  0.54636E-03  0.22077E-24  0.26347E-25  0.12471E-12  0.16630E-12  0.89988E-13  0.87549E+00  0.22651E-12
  0.24898E+01  0.10887E+01  0.45258E+00  0.41570E+00  0.16402E+01  0.85858E-01  0.54440E-03  0.22232E-24  0.26597E-25  0.12521E-12  0.16730E-12  0.90091E-13  0.87803E+00  0.22756E-12
  0.24798E+01  0.10905E+01  0.45388E+00  0.41621E+00  0.16404E+01  0.86074E-01  0.54240E-03  0.22388E-24  0.26850E-25  0.12571E-12  0.16831E-12  0.90195E-13  0.88061E+00  0.22862E-12
  0.24698E+01  0.10923E+01  0.45519E+00  0.41673E+00  0.16405E+01  0.86292E-01  0.54037E-03  0.22546E-24  0.27107E-25  0.12622E-12  0.16933E-12  0.90299E-13  0.88323E+00  0.22969E-12
  0.24598E+01  0.10941E+01  0.45651E+00  0.41725E+00  0.16407E+01  0.86512E-01  0.53831E-03  0.22706E-24  0.27367E-25  0.12673E-12  0.17035E-12  0.90403E-13  0.88587E+00  0.23077E-12
  0.24498E+01  0.10959E+01  0.45784E+00  0.41778E+00  0.16409E+01  0.86733E-01  0.53621E-03  0.22867E-24  0.27631E-25  0.12725E-12  0.17139E-12  0.90509E-13  0.88856E+00  0.23186E-12
  0.24398E+01  0.10977E+01  0.45918E+00  0.41830E+00  0.16411E+01  0.86955E-01  0.53408E-03  0.23031E-24  0.27899E-25  0.12777E-12  0.17244E-12  0.90615E-13  0.89128E+00  0.23296E-12
  0.24298E+01  0.10996E+01  0.46053E+00  0.41883E+00  0.16413E+01  0.87179E-01  0.53191E-03  0.23196E-24  0.28171E-25  0.12830E-12  0.17349E-12  0.90721E-13  0.89405E+00  0.23407E-12
  0.24198E+01  0.11014E+01  0.46189E+00  0.41937E+00  0.16415E+01  0.87405E-01  0.52971E-03  0.23364E-24  0.28446E-25  0.12883E-12  0.17456E-12  0.90828E-13  0.89685E+00  0.23519E-12
  0.24098E+01  0.11032E+01  0.46325E+00  0.41990E+00  0.16416E+01  0.87632E-01  0.52747E-03  0.23533E-24  0.28726E-25  0.12936E-12  0.17563E-12  0.90936E-13  0.89970E+00  0.23633E-12
  0.23998E+01  0.11051E+01  0.46463E+00  0.42044E+00  0.16418E+01  0.87861E-01  0.52519E-03  0.23704E-24  0.29010E-25  0.12990E-12  0.17671E-12  0.91045E-13  0.90259E+00  0.23747E-12
  0.23898E+01  0.11070E+01  0.46602E+00  0.42099E+00  0.16420E+01  0.88092E-01  0.52288E-03  0.23878E-24  0.29297E-25  0.13045E-12  0.17781E-12  0.91154E-13  0.90552E+00  0.23862E-12
  0.23798E+01  0.11088E+01  0.46741E+00  0.42153E+00  0.16422E+01  0.88324E-01  0.52053E-03  0.24053E-24  0.29589E-25  0.13099E-12  0.17891E-12  0.91263E-13  0.90850E+00  0.23979E-12
  0.23698E+01  0.11107E+01  0.46882E+00  0.42208E+00  0.16423E+01  0.88558E-01  0.51813E-03  0.24231E-24  0.29886E-25  0.13155E-12  0.18003E-12  0.91374E-13  0.91153E+00  0.24096E-12
  0.23598E+01  0.11126E+01  0.47023E+00  0.42263E+00  0.16425E+01  0.88794E-01  0.51570E-03  0.24411E-24  0.30186E-25  0.13210E-12  0.18115E-12  0.91484E-13  0.91460E+00  0.24215E-12
  0.23498E+01  0.11145E+01  0.47166E+00  0.42319E+00  0.16427E+01  0.89032E-01  0.51323E-03  0.24593E-24  0.30491E-25  0.13267E-12  0.18229E-12  0.91596E-13  0.91773E+00  0.24335E-12
  0.23398E+01  0.11165E+01  0.47310E+00  0.42375E+00  0.16428E+01  0.89271E-01  0.51071E-03  0.24777E-24  0.30801E-25  0.13323E-12  0.18343E-12  0.91708E-13  0.92091E+00  0.24456E-12
  0.23298E+01  0.11184E+01  0.47454E+00  0.42431E+00  0.16430E+01  0.89512E-01  0.50816E-03  0.24963E-24  0.31115E-25  0.13381E-12  0.18459E-12  0.91821E-13  0.92415E+00  0.24578E-12
  0.23198E+01  0.11203E+01  0.47600E+00  0.42488E+00  0.16432E+01  0.89755E-01  0.50556E-03  0.25152E-24  0.31434E-25  0.13438E-12  0.18576E-12  0.91934E-13  0.92744E+00  0.24702E-12
  0.23098E+01  0.11223E+01  0.47747E+00  0.42545E+00  0.16434E+01  0.90000E-01  0.50291E-03  0.25343E-24  0.31757E-25  0.13496E-12  0.18694E-12  0.92049E-13  0.93079E+00  0.24826E-12
  0.22998E+01  0.11242E+01  0.47895E+00  0.42602E+00  0.16435E+01  0.90246E-01  0.50023E-03  0.25536E-24  0.32086E-25  0.13555E-12  0.18813E-12  0.92163E-13  0.93421E+00  0.24952E-12
  0.22898E+01  0.11262E+01  0.48044E+00  0.42660E+00  0.16437E+01  0.90495E-01  0.49749E-03  0.25732E-24  0.32419E-25  0.13614E-12  0.18933E-12  0.92279E-13  0.93768E+00  0.25079E-12
  0.22798E+01  0.11282E+01  0.48194E+00  0.42718E+00  0.16438E+01  0.90745E-01  0.49471E-03  0.25930E-24  0.32758E-25  0.13674E-12  0.19054E-12  0.92395E-13  0.94122E+00  0.25207E-12
  0.22698E+01  0.11302E+01  0.48345E+00  0.42776E+00  0.16440E+01  0.90997E-01  0.49189E-03  0.26131E-24  0.33102E-25  0.13734E-12  0.19177E-12  0.92512E-13  0.94484E+00  0.25337E-12
  0.22598E+01  0.11322E+01  0.48498E+00  0.42835E+00  0.16442E+01  0.91251E-01  0.48901E-03  0.26334E-24  0.33451E-25  0.13795E-12  0.19300E-12  0.92629E-13  0.94852E+00  0.25468E-12
  0.22498E+01  0.11342E+01  0.48651E+00  0.42894E+00  0.16443E+01  0.91508E-01  0.48609E-03  0.26540E-24  0.33805E-25  0.13856E-12  0.19425E-12  0.92747E-13  0.95228E+00  0.25600E-12
  0.22398E+01  0.11363E+01  0.48806E+00  0.42953E+00  0.16445E+01  0.91766E-01  0.48312E-03  0.26748E-24  0.34165E-25  0.13918E-12  0.19551E-12  0.92866E-13  0.95611E+00  0.25734E-12
  0.22298E+01  0.11383E+01  0.48962E+00  0.43013E+00  0.16446E+01  0.92026E-01  0.48010E-03  0.26959E-24  0.34531E-25  0.13981E-12  0.19679E-12  0.92985E-13  0.96003E+00  0.25868E-12
  0.22198E+01  0.11404E+01  0.49119E+00  0.43073E+00  0.16448E+01  0.92288E-01  0.47702E-03  0.27173E-24  0.34902E-25  0.14044E-12  0.19807E-12  0.93105E-13  0.96403E+00  0.26005E-12
  0.22098E+01  0.11424E+01  0.49277E+00  0.43134E+00  0.16449E+01  0.92552E-01  0.47390E-03  0.27389E-24  0.35279E-25  0.14107E-12  0.19937E-12  0.93226E-13  0.96812E+00  0.26142E-12
  0.21998E+01  0.11445E+01  0.49437E+00  0.43195E+00  0.16451E+01  0.92819E-01  0.47072E-03  0.27609E-24  0.35662E-25  0.14171E-12  0.20068E-12  0.93347E-13  0.97230E+00  0.26281E-12
  0.21898E+01  0.11466E+01  0.49598E+00  0.43256E+00  0.16452E+01  0.93087E-01  0.46748E-03  0.27831E-24  0.36051E-25  0.14236E-12  0.20201E-12  0.93469E-13  0.97658E+00  0.26422E-12
  0.21798E+01  0.11487E+01  0.49760E+00  0.43318E+00  0.16454E+01  0.93358E-01  0.46419E-03  0.28056E-24  0.36447E-25  0.14301E-12  0.20335E-12  0.93592E-13  0.98097E+00  0.26563E-12
  0.21698E+01  0.11508E+01  0.49924E+00  0.43380E+00  0.16455E+01  0.93630E-01  0.46085E-03  0.28284E-24  0.36849E-25  0.14367E-12  0.20470E-12  0.93715E-13  0.98546E+00  0.26707E-12
  0.21598E+01  0.11530E+01  0.50088E+00  0.43443E+00  0.16457E+01  0.93905E-01  0.45745E-03  0.28515E-24  0.37257E-25  0.14434E-12  0.20606E-12  0.93839E-13  0.99006E+00  0.26852E-12
  0.21498E+01  0.11551E+01  0.50255E+00  0.43506E+00  0.16458E+01  0.94183E-01  0.45398E-03  0.28749E-24  0.37671E-25  0.14501E-12  0.20744E-12  0.93964E-13  0.99477E+00  0.26998E-12
  0.21398E+01  0.11573E+01  0.50422E+00  0.43569E+00  0.16460E+01  0.94462E-01  0.45046E-03  0.28986E-24  0.38093E-25  0.14569E-12  0.20883E-12  0.94089E-13  0.99962E+00  0.27146E-12
  0.21298E+01  0.11595E+01  0.50591E+00  0.43633E+00  0.16461E+01  0.94744E-01  0.44688E-03  0.29227E-24  0.38521E-25  0.14637E-12  0.21024E-12  0.94215E-13  0.10046E+01  0.27295E-12
